3
4
8
9
12
14
17
26
27
31
32
47
55
59
73
77
87
98
103
104
111
131
137
156
159
160
167
205
225
239
299
378
553
557
679
680
760
786
802
1109
1110
1111
1113
1114
1117
1133
1201
1205
1224
1249
1289
1307
1312
1638
1659
1742
1776
1851
1853
1926
1967
1970
2055
2108
2269
2496
2501
2504
2508
2547
2561
2637
2698
2833
2834
2841
2846
2850
2857
2900
3208
3255
3264
3323
3363
3390
3450
3479
3480
3582
3603
3661
3676
3681
3685
3777
3778
3784
3794
3813
3935
3999
4158
4190
4274
4616
4665
4730
4762
5379
5421
5489
5495
5520
5550
5627
5653
5692
5719
5723
5739
5786
6059
6106
6360
6510
6579
6867
6868
6874
7150
7276
7377
7560
7575
7621
7624
7939
8094
8253
8256
8267
8278
8286
8323
8508
8517
8524
8605
8611
8618
8643
8664
8670
8890
9103
9112
9274
9317
9321
9411
9431
9432
9433
9452
9459
9464
9486
9488
9533
9546
9551
9562
9572
9686
9754
9775
9868
9870
9916
9955
9978
9982
9991
10045
10053
10148
10197
10421
10546
10631
10680
10961
11257
11417
11736
11745
11773
11834
11872
11975
12093
12118
12145
12148
12324
12346
12402
12423
12660
12675
12687
12831
12908
13041
13065
13242
13303
13371
13476
13764
13796
13998
14048
14737
14859
15119
15318
15496
15505
15633
15744
15798
16120
16220
16263
16283
16461
16489
16519
16826
17055
17196
17342
17479
17523
17553
17575
17716
17827
17861
17862
18026
18034
18047
18173
18276
18324
18330
18515
18682
19070
19106
19119
19764
20085
20252
20306
20633
20719
21064
21143
21182
22174
22323
22354
22847
22950
23162
23484
23668
23714
23859
23862
23905
23980
24020
24398
24436
24437
24453
24526
24620
24848
25075
25468
25500
25656
25776
25977
26488
27274
27817
27883
28067
28678
28949
29068
29289
29484
29577
29683
29773
29871
30408
30778
30847
30983
31822
31828
31960
32347
32601
32666
32726
32818
32907
33091
34878
35043
35656
35686
36368
36375
36441
36850
36982
37074
37218
37297
37501
37513
37520
37568
37932
38280
38727
39857
40204
41620
42594
44805
44959
44971
45209
45340
45344
45542
45575
45773
45810
46042
46103
46115
46470
47212
47610
50237
50517
50999
51352
51708
53260
53403
55380
55390
55618
55625
55674
55910
56056
56727
57171
58479
59163
59263
59962
60158
60560
61248
62989
63130
63510
131158
131226
131396
131919
132250
132494
132688
132780
132874
133168
133169
133357
134023
134107
135524
135734
135893
135909
136004
136164
136470
136618
136624
136911
136912
137241
137300
137356
137394
137706
137850
137956
138155
138163
138382
138462
138489
138587
138904
139251
139815
140118
140200
141270
147312
149990
150638
151825
151981
197451
197467
198280
198499
198864
199028
199513
199578
199936
201632
201773
202575
204575
205656
206130
206523
207373
209335
211258
212023
212167
327705
327863
327942
327947
327992
328184
328212
328224
328225
328530
328663
328762
328896
393249
393257
393296
393307
393408
394430
394769
394962
394988
396425
396465
396527
397087
397501
398060
398451
399315