209
701
803
852
1136
1221
1257
1267
1299
1640
1729
1759
1764
1820
2027
2119
2585
2609
2731
2840
2856
3209
3212
3215
3216
3249
3269
3300
3301
3302
3303
3308
3320
3327
3329
3330
3339
3352
3356
3462
3737
3748
3816
3848
4058
4134
4181
4230
4540
4581
4637
4638
4651
4725
4760
4761
4766
4775
4780
4782
4788
4800
4804
4808
4809
4811
4812
4816
4817
4818
4821
4835
4837
4922
4983
5384
5391
5400
5410
5416
5432
5467
5483
5518
5523
5547
5573
5588
5602
5603
5606
5607
5617
5639
5713
6057
6147
6181
6306
6327
6368
6400
6407
6412
6471
6503
6535
6559
6568
6648
6663
6697
6700
6703
6713
6730
6752
6758
6762
6769
6775
6805
6810
6821
6823
6848
6849
6855
7004
7015
7057
7063
7303
7418
7438
7474
7516
7545
7552
7602
7616
7643
7713
7727
7794
7849
7922
8014
8103
8151
8163
8193
8194
8234
8244
8251
8280
8301
8304
8334
8345
8346
8359
8368
8374
8375
8393
8400
8402
8412
8414
8422
8427
8439
8443
8447
8452
8487
8529
8544
8562
8570
8580
8585
8615
8661
8675
8697
8711
8717
8720
8732
8764
8767
8781
8814
8821
8847
8881
8887
8926
8966
9000
9038
9066
9121
9125
9145
9146
9158
9198
9231
9246
9249
9299
9318
9329
9341
9444
9498
9506
9519
9614
9644
9658
9664
9674
9694
9781
9808
9829
9848
9873
9908
9924
9931
9934
9988
10002
10003
10094
10118
10131
10132
10143
10225
10269
10279
10429
10430
10620
10821
10834
11014
11067
11081
11084
11090
11172
11259
11272
11367
11432
11722
11727
11814
11815
11830
11835
11844
11845
11888
11915
11949
11961
11992
12033
12150
12297
12302
12312
12332
12334
12338
12355
12357
12360
12361
12365
12372
12380
12389
12392
12444
12455
12479
12486
12491
12494
12616
12668
12683
12688
12693
12730
12762
12768
12772
12777
12796
12843
12844
12846
12861
12874
12880
12886
12912
12926
12929
12946
12956
12958
12975
12997
13022
13036
13046
13056
13099
13118
13122
13126
13156
13357
13370
13489
13585
14080
14117
14155
14178
14232
14265
14282
14288
14703
14750
14754
14813
14860
14868
14988
15129
15165
15311
15321
15378
15389
15397
15433
15466
15468
15557
15598
15659
15672
15673
15706
15751
15759
15763
15796
15802
15808
15824
15868
15897
15943
15964
15974
15997
16058
16097
16154
16202
16223
16227
16229
16232
16236
16281
16285
16301
16345
16438
16504
16524
16527
16531
16591
16629
16696
16708
16717
16728
16735
16814
16863
16942
17069
17072
17079
17143
17356
17380
17400
17408
17421
17465
17469
17470
17477
17483
17494
17501
17557
17621
17623
17709
17726
17771
17806
17813
17853
17911
17917
17924
17968
18004
18024
18092
18126
18187
18209
18214
18233
18390
18399
18403
18734
18881
18988
19114
19180
19182
19331
19332
19422
19523
19605
19635
19752
19754
19863
19881
19889
19955
19970
20057
20115
20135
20257
20283
20300
20436
20477
20485
20634
20661
20686
20714
20746
20776
20804
20807
20845
20870
20880
20886
20895
20932
20960
20978
21003
21013
21017
21032
21050
21127
21191
21193
21243
21246
21263
21271
21277
21283
21299
21305
21310
21351
21353
21360
21378
21413
21479
21487
21491
21565
21574
21575
21766
21782
21826
21921
21928
22056
22324
22351
22353
22363
22368
22381
22423
22573
22639
22689
22884
22925
22927
23031
23155
23481
23624
23673
23674
23688
23693
23724
23752
23764
23856
23888
23889
23953
23966
23969
24086
24088
24122
24138
24157
24158
24186
24232
24337
24400
24444
24445
24499
24516
24530
24545
24547
24559
24560
24589
24626
24645
24651
24663
24691
24699
24739
24744
24757
24810
24872
24921
24945
24978
25019
25082
25106
25117
25135
25144
25159
25227
25229
25250
25299
25328
25369
25386
25400
25447
25472
25490
25512
25513
25515
25520
25531
25543
25548
25549
25671
25853
25880
25892
25933
26599
26609
26703
26727
26860
27221
27425
27539
27651
27660
27672
27680
27699
27717
27720
27725
27738
27742
27747
27757
27763
27775
27792
27813
27864
27879
27882
27887
27889
27895
27923
27925
27932
27947
27948
27960
27979
27984
27988
28006
28009
28024
28036
28048
28066
28126
28130
28131
28132
28140
28142
28145
28146
28154
28158
28166
28171
28173
28178
28184
28186
28187
28191
28198
28201
28213
28219
28220
28223
28224
28225
28226
28227
28247
28250
28252
28264
28267
28270
28277
28279
28283
28285
28287
28292
28305
28306
28308
28309
28323
28326
28334
28343
28359
28360
28368
28378
28394
28398
28414
28428
28432
28439
28458
28481
28509
28512
28530
28531
28532
28533
28534
28535
28536
28537
28545
28548
28554
28555
28573
28577
28599
28613
28615
28618
28624
28635
28638
28640
28652
28656
28667
28676
28685
28716
28745
28769
28775
28787
28840
28852
28885
28890
28891
28964
28968
28994
29003
29013
29030
29031
29039
29049
29056
29061
29069
29072
29124
29196
29208
29226
29238
29247
29256
29276
29286
29287
29357
29399
29420
29422
29449
29456
29485
29544
29555
29614
29664
29695
29744
29866
29894
29974
30029
30041
30174
30325
30341
30619
30722
30733
30742
30767
30784
30838
30844
30855
30902
30916
30975
30982
30990
30999
31028
31083
31117
31122
31126
31143
31200
31203
31213
31257
31261
31275
31277
31313
31363
31376
31404
31412
31430
31499
31512
31549
31615
31631
31685
31705
31721
31726
31841
32012
32264
32277
32473
32758
32890
33059
33130
33247
33339
33567
33604
33647
33749
33765
33779
33788
33835
33871
33915
33922
33934
33986
34060
34066
34087
34137
34150
34156
34168
34170
34244
34263
34265
34267
34285
34306
34359
34376
34383
34391
34393
34421
34467
34470
34502
34533
34547
34584
34590
34594
34619
34683
34703
34704
34718
34743
34772
34779
34858
34892
34937
34974
34977
34984
35000
35063
35087
35091
35125
35140
35154
35177
35184
35199
35239
35261
35283
35311
35359
35370
35516
35549
35566
35567
35568
35588
35632
35699
35725
35753
35765
35768
35807
35819
35911
36103
36105
36149
36165
36374
36487
36511
36545
36549
36599
36827
36865
36866
36873
36881
36884
36902
36903
36913
36925
36926
36930
36937
36939
36947
36955
36969
36996
36998
36999
37006
37009
37020
37032
37054
37069
37075
37076
37090
37102
37110
37119
37123
37133
37154
37184
37190
37196
37203
37204
37229
37233
37248
37292
37294
37303
37333
37342
37343
37356
37371
37385
37430
37440
37451
37457
37473
37475
37517
37526
37529
37550
37563
37566
37575
37586
37605
37616
37622
37908
38009
38019
38040
38067
38186
38203
38209
38210
38235
38247
38253
38264
38278
38315
38466
38526
38623
38712
38731
38732
38733
38750
38875
38917
38949
38958
38987
38999
39010
39028
39032
39045
39065
39097
39102
39153
39156
39180
39273
39279
39280
39375
39386
39407
39435
39505
39586
39699
39737
39791
39808
39812
39824
39835
39869
39891
39908
39927
39944
40020
40230
40237
40285
40564
40837
40980
41110
41123
41134
41164
41165
41202
41272
41275
41307
41313
41327
41329
41330
41334
41403
41421
41513
41557
41560
41601
41625
41661
41668
41682
41691
41727
41738
41754
41777
41786
41789
41798
41813
41843
41877
41925
41959
41967
42003
42020
42039
42061
42065
42083
42116
42148
42149
42238
42269
42277
42362
42396
42397
42437
42517
42521
42530
42548
42560
42581
42610
42644
42682
42683
42739
42770
42786
42811
42841
42845
42846
42897
42908
42914
42947
42961
43034
43061
43103
43132
43197
43228
43244
43274
43297
43314
43328
43355
43370
43372
43400
43409
43413
43452
43478
43529
43530
43533
43550
43567
43576
43670
43727
43811
43833
43843
43885
43886
43940
43957
43991
44030
44118
44123
44143
44237
44244
44265
44309
44405
44416
44442
44443
44507
44546
44547
44565
44604
44619
44622
44664
44692
44776
44811
44814
44832
44837
44851
44927
44941
44943
44963
44988
45143
45313
45326
45355
45356
45543
45557
45588
45595
45609
45629
45648
45669
45706
45758
45820
45884
45891
45899
45916
45925
46026
46375
46632
46690
46760
47116
47119
47141
47159
47202
47206
47217
47237
47241
47253
47258
47266
47288
47297
47332
47394
47418
47440
47441
47588
47655
47688
47702
47755
47794
47806
47826
47883
47887
47898
47914
47939
47954
47959
47996
48019
48043
48044
48078
48081
48092
48120
48129
48147
48149
48159
48166
48190
48225
48243
48249
48260
48271
48284
48293
48364
48424
48438
48479
48503
48524
48544
48573
48574
48642
48675
48695
48712
48738
48780
48944
48951
48957
48969
48978
49038
49048
49088
49101
49107
49112
49113
49136
49178
49183
49301
49311
49320
49327
49377
49389
49455
49461
49508
49551
49561
49601
49605
49628
49632
49666
49702
49718
49724
49761
49814
49863
49889
49893
49897
49902
49954
49984
50009
50022
50025
50083
50115
50126
50186
50223
50237
50239
50241
50257
50261
50266
50309
50362
50427
50436
50473
50482
50498
50512
50539
50542
50543
50544
50550
50577
50581
50616
50628
50657
50661
50666
50670
50676
50705
50716
50719
50815
50833
50835
50864
50870
50911
50946
51004
51034
51035
51121
51155
51178
51184
51188
51192
51207
51234
51300
51315
51333
51346
51373
51402
51426
51449
51495
51504
51521
51547
51570
51592
51597
51604
51612
51615
51645
51655
51757
51813
51819
51825
51880
51904
51935
51959
51972
51978
51995
52008
52078
52175
52207
52232
52260
52262
52263
52322
52328
52339
52356
52361
52412
52433
52436
52473
52495
52532
52544
52547
52548
52557
52559
52560
52561
52562
52564
52571
52573
52579
52596
52601
52609
52610
52624
52630
52654
52657
52662
52685
52686
52698
52699
52706
52711
52712
52720
52721
52724
52727
52737
52741
52747
52752
52758
52765
52772
52780
52783
52787
52790
52795
52812
52814
52817
52820
52829
52838
52862
52866
52870
52872
52876
52878
52879
52890
52892
52894
52898
52901
52904
52907
52917
52923
52925
52927
52931
52932
52937
52944
52962
52963
52964
52965
52971
52973
52974
52976
52977
52988
53004
53005
53006
53010
53024
53041
53048
53051
53062
53065
53072
53077
53080
53081
53087
53088
53100
53102
53115
53118
53120
53123
53132
53134
53135
53139
53146
53153
53155
53156
53158
53167
53172
53173
53178
53181
53205
53222
53230
53237
53238
53256
53828
53829
53896
53942
54374
54512
54614
55309
55329
55330
55340
55353
55423
55424
55441
55446
55453
55577
55769
55821
55836
56040
56041
56042
56044
56046
56047
56048
56089
56167
56209
56234
56241
56258
56262
56272
56308
56330
56391
56404
56420
56441
56534
56542
56543
56550
56571
56582
56665
56677
56689
56696
56701
56709
56754
56803
56835
56882
56981
57026
57038
57044
57136
57141
57153
57164
57197
57218
57251
57255
57269
57293
57325
57333
57344
57378
57388
57389
57468
57513
57701
57716
57723
57781
57794
57803
57826
57871
57888
57890
57961
57962
57966
58127
58172
58193
58224
58230
58243
58254
58284
58310
58378
58424
58453
58460
58466
58610
58655
58715
58725
58731
58765
58912
58963
59165
59185
59191
59521
59574
59595
59600
59607
59616
59625
59665
59668
59710
59713
59723
59815
59833
59877
59909
59948
59975
60006
60042
60095
60139
60171
60191
60267
60277
60388
60471
60533
60563
60599
60609
60619
60641
60738
60740
60793
60815
60840
60849
60880
60886
60904
60986
60989
61031
61064
61068
61121
61124
61143
61208
61230
61233
61403
61408
61452
61481
61510
61582
61583
61603
61614
61621
61637
61638
61648
61649
61659
61662
61664
61675
61696
61699
61700
61719
61725
61727
61728
61729
61740
61744
61745
61751
61754
61761
61765
61773
61782
61784
61792
61794
61797
61800
61817
61824
61829
61834
61844
61851
61854
61855
61884
61888
61889
61893
61901
61908
61916
61923
61934
61936
61937
61942
61951
61976
61995
62006
62040
62041
62069
62147
62201
62205
62211
62259
62332
62336
62386
62423
62592
62627
62886
63134
63527
63838
64043
64079
64139
64227
64411
64419
64466
131090
131111
131207
131210
131215
131267
131285
131293
131325
131465
131584
131627
131702
131915
131952
132004
132021
132148
132199
132215
132325
132369
132447
132497
132510
132518
132525
132599
132608
132754
132923
132933
132960
132971
132999
133000
133118
133202
133275
133285
133357
133495
133606
133647
133685
133798
133817
133982
133989
134004
134033
134090
134241
134293
134294
134302
134316
134420
134497
134540
134697
134714
134761
134810
134878
134885
134976
135025
135059
135076
135089
135191
135218
135300
135307
135345
135357
135386
135407
135409
135650
135687
135722
135744
135804
135810
135887
135905
135964
136030
136054
136121
136167
136255
136280
136284
136356
136362
136376
136474
136598
136617
136632
136664
136696
136841
136861
136874
137047
137109
137114
137124
137135
137166
137226
137239
137266
137310
137376
137404
137412
137532
137551
137604
137651
137669
137689
137693
137697
137699
137818
137853
137872
137967
138088
138102
138166
138169
138179
138199
138257
138384
138407
138828
138854
138958
139034
139080
139204
139226
139325
139438
139473
139515
139530
139547
139555
139560
139587
139622
139628
139692
139752
139759
139820
139831
139901
139925
139997
140061
140084
140105
140174
140201
140220
140292
140293
140345
140394
140485
140499
140527
140636
140638
140745
140762
140903
141146
141269
141285
141395
141509
141618
141679
141709
141739
141799
141804
141820
141834
141898
141902
141983
141998
142063
142319
142332
142381
142404
142445
142453
142459
142477
142513
142534
146956
146966
147003
147038
147042
147121
147221
148981
149118
149178
149217
149240
149357
149360
149422
149526
149570
149635
149688
149972
150045
150070
150099
150193
150215
150249
150265
150359
150371
150562
150576
150683
150955
150998
151122
151125
151176
151185
151333
151408
151590
151653
151678
151732
152079
152525
152830
153233
153335
153557
196638
196730
196797
196854
196874
196921
196925
196927
196961
196994
197013
197064
197074
197113
197131
197156
197204
197207
197217
197221
197235
197275
197298
197311
197336
197394
197423
197453
197470
197503
197663
197831
197862
197883
197897
198056
198089
198193
198225
198227
198228
198232
198279
198295
198335
198381
198388
198404
198454
198507
198541
198551
198632
198662
198826
198890
198950
198967
198977
199276
199290
199565
199585
199713
199715
199736
199739
199782
199809
199952
199995
200064
200072
200093
200100
200218
200290
200387
200519
200539
200555
200635
200689
200724
200738
200799
200810
200845
200920
200922
200988
201004
201041
201109
201167
201178
201179
201183
201211
201285
201296
201328
201337
201427
201466
201540
201691
201704
201719
201748
201767
201826
201843
201860
201952
202011
202023
202047
202074
202103
202125
202170
202175
202208
202279
202289
202352
202371
202382
202491
202498
202561
202654
202660
202805
202813
202825
202844
202883
203052
203088
203183
203198
203214
203223
203324
203389
203408
203441
203447
203451
203481
203503
203540
203593
203600
203628
203657
203712
203835
203877
203936
203937
203964
203995
204020
204041
204172
204177
204188
204297
204303
204348
204350
204379
204445
204457
204461
204490
204581
204694
204736
204797
204798
204811
204814
204929
204986
205119
205201
205249
205270
205471
205495
205565
205624
205638
205673
205714
205715
205741
205784
205800
205852
205893
205981
206026
206066
206077
206094
206119
206163
206206
206262
206276
206280
206298
206346
206366
206369
206385
206430
206438
206448
206539
206557
206579
206660
206661
206674
206737
206757
206772
206791
206866
206891
206943
206988
207044
207050
207136
207156
207198
207234
207348
207369
207547
207617
207693
207987
208041
208070
208077
208087
208142
208221
208314
208324
208329
208337
208466
208569
208578
208596
208645
208767
208877
208879
208905
208909
208932
209008
209170
209202
209206
209344
209372
209400
209429
209433
209479
209492
209627
209728
209759
209791
209835
209956
209992
210021
210104
210123
210135
210178
210264
210273
210298
210472
210593
210625
210670
210692
211057
211196
211291
211391
211433
211709
211887
212087
212175
212269
212335
212384
212462
212598
212695
212713
212945
213024
213155
213261
213402
213498
213890
214089
214429
214941
214954
215222
215856
215927
216046
216158
216356
216451
262150
262179
262181
262188
262202
262210
262215
262216
262220
262221
262248
262272
262282
262290
262300
262301
262311
262312
262317
262318
262323
262324
262342
262346
262351
262352
262365
262373
262379
262380
262385
262391
262403
262406
262407
262417
262426
262433
262447
262450
262459
262463
262468
262470
262473
262474
262476
262481
262485
262494
262496
262499
262503
262504
262505
262506
262509
262514
262517
262521
262527
262531
262535
262551
262557
262567
262585
262588
262590
262595
262600
262604
262605
262606
262617
262620
262632
262642
262645
262648
262659
262661
262663
262669
262674
262689
262693
262706
262713
262720
262729
262739
262740
262744
262753
262755
262756
262760
262761
262762
262769
262773
262777
262805
262807
262808
262809
262820
262834
262837
262839
262851
262869
262873
262888
262893
262898
262899
262903
262909
262937
262945
262972
262973
262977
262979
262988
262989
262993
262996
262999
263003
263006
263008
263009
263011
263018
263019
263027
263033
263035
263040
263049
263055
263073
263080
263086
263096
263098
263099
263106
263108
263110
263116
263119
263121
263124
263135
263144
263146
263151
263152
263155
263159
263162
263165
263181
263196
263210
263218
263223
263224
263243
263250
263260
263276
263281
263284
263285
263291
263292
263294
263297
263302
263327
263329
263345
263411
263415
263422
263432
263436
263453
263455
263456
263462
263466
263468
263473
263495
263499
263500
263501
263506
263508
263516
263520
263532
263544
263546
263558
263566
263569
263579
263589
263594
263596
263603
263608
263611
263612
263616
263623
263626
263629
263631
263634
263636
263637
263641
263645
263650
263656
263661
263672
263689
263698
263717
263775
263783
263791
263834
263846
263864
263866
263868
263880
263888
263891
263903
263905
263944
263950
263952
263959
263960
263966
263968
263980
263985
263992
264002
264010
264013
264023
264030
264049
264069
264071
264075
264100
264104
264106
264110
264111
264117
264125
264127
264129
264144
264150
264169
264191
264193
264200
264206
264209
264212
264214
264217
264227
264228
264230
264233
264234
264244
264246
264255
264268
264278
264280
264283
264285
264293
264294
264297
264301
264328
264342
264367
264387
264397
264404
264439
264440
264441
264444
264451
264463
264473
264483
264490
264500
264508
264516
264519
264520
264524
264526
264550
264552
264553
264562
264568
264570
264591
264592
264599
264605
264621
264625
264628
264631
264642
264652
264716
264731
264750
264765
264770
264778
264810
264825
264827
264862
264871
264897
264909
264911
264913
264915
264933
264943
264948
264953
264959
264963
264974
264997
264998
264999
265017
265018
265019
265027
265032
265038
265041
265050
265052
265053
265062
265080
265086
265090
265093
265096
265100
265113
265118
265126
265131
265132
265140
265144
265157
265158
265160
265166
265169
265178
265189
265197
265205
265224
265225
265234
265244
265249
265261
265263
265269
265274
265287
265298
265300
265305
265313
265317
265320
265335
265344
265345
265351
265355
265358
265363
265364
265369
265388
265390
265393
265398
265401
265406
265420
265424
265440
265447
265451
265460
265472
265475
265477
265481
265483
265485
265491
265515
265551
265586
265594
265629
265637
265661
265691
265699
265711
265713
265759
265852
265855
265858
265887
265890
265892
265905
265924
265931
265937
265943
265949
265958
265960
265972
265973
265974
265975
265979
265989
266011
266025
266028
266029
266030
266034
266038
266044
266049
266051
266080
266103
266113
266114
266115
266121
266136
266139
266140
266142
266148
266160
266178
266193
266200
266207
266208
266213
266216
266238
266251
266272
266274
266275
266279
266302
266303
266312
266317
266332
266338
266346
266351
266362
266366
266371
266376
266384
266385
266386
266397
266399
266423
266427
266433
266434
266436
266441
266445
266450
266454
266462
266465
266466
266467
266468
266475
266481
266483
266493
266499
266500
266517
266519
266520
266522
266524
266539
266553
266571
266583
266592
266593
266606
266620
266624
266634
266636
266643
266646
266672
266673
266698
266704
266722
266731
266734
266814
266830
266877
266911
266920
266936
266961
266964
266966
266983
266987
266992
266995
267013
267031
267032
267033
267038
267051
267055
267061
267070
267073
267077
267091
267096
267121
267123
267129
267159
267162
267164
267167
267186
267192
267197
267201
267205
267224
267227
267229
267237
267241
267242
267251
267261
267264
267274
267281
267288
267291
267311
267329
267335
267363
267374
267378
267386
267394
267396
267399
267419
267426
267428
267429
267449
267452
267453
267456
267470
267494
267501
267510
267513
267514
267517
267522
267523
267529
267537
267540
267546
267551
267552
267555
267560
267563
267564
267568
267583
267586
267587
267601
267603
267604
267611
267612
267614
267618
267629
267633
267638
267641
267645
267685
267693
267749
267783
267807
267823
267831
267869
267929
267933
267935
267963
267980
267994
268051
268055
268056
268069
268091
268097
268101
268105
268123
268131
268134
268144
268145
268146
268148
268158
268166
268177
268186
268195
268197
268201
268207
268209
268213
268219
268221
268229
268231
268235
268238
268246
268251
268272
268286
268289
268291
268300
268305
268314
268317
268321
268323
268324
268329
268330
268336
268350
268352
268367
268374
268377
268383
268413
268425
268428
268429
268437
268458
268470
268476
268480
268494
268502
268505
268538
268543
268544
268556
268557
268560
268568
268573
268576
268588
268597
268605
268611
268625
268635
268645
268657
268674
268675
268689
268700
268707
268710
268733
268751
268755
268757
268773
268782
268787
268788
268791
268803
268817
268824
268829
268869
268872
268881
268884
268935
268944
268953
268976
268980
268983
268988
269004
269025
269028
269036
269037
269056
269067
269073
269077
269082
269096
269107
269108
269109
269121
269136
269138
269146
269158
269164
269173
269174
269179
269182
269188
269193
269200
269204
269220
269231
269243
269246
269249
269250
269258
269308
269317
269335
269339
269352
269357
269359
269363
269382
269396
269401
269402
269409
269411
269416
269433
269435
269447
269469
269473
269478
269485
269499
269501
269506
269524
269526
269538
269546
269554
269571
269595
269614
269633
269634
269635
269638
269639
269656
269657
269662
269665
269680
269684
269687
269688
269698
269704
269712
269713
269714
269715
269733
269743
269797
269803
269816
269831
269832
269843
269852
269873
269901
269918
269921
269928
269936
270006
270023
270026
270044
270045
270052
270071
270158
270237
270241
270242
270243
270253
270269
270270
270276
270277
270313
270330
270333
270334
270340
270341
270344
270368
270372
270375
270383
270391
270413
270436
270438
270444
270458
270463
270465
270474
270506
270512
270515
270518
270531
270543
270544
270548
270549
270552
270561
270562
270608
270625
270641
270642
270646
270664
270678
270685
270692
270708
270715
270718
270722
270733
270736
270738
270751
270755
270778
270790
270814
270816
270834
270868
270873
270877
270896
270915
270927
270943
270949
270959
270968
270969
270976
270989
271008
271013
271016
271024
271034
271038
271042
271057
271060
271066
271071
271083
271108
271117
271131
271134
271138
271148
271158
271160
271179
271186
271188
271194
271199
271202
271215
271218
271237
271240
271241
271251
271254
271258
271260
271263
271265
271267
271270
271278
271285
271314
271327
271338
271352
271365
271376
271380
271401
271413
271415
271416
271429
271439
271441
271486
271513
271514
271531
271550
271551
271558
271596
271618
271622
271639
271646
271650
271689
271690
271696
271701
271761
271773
271795
271799
271813
271880
271884
271898
271909
271936
271943
271971
271979
271982
271992
272011
272048
272085
272097
272112
272122
272132
272535
272539
272564
272605
272636
272854
272937
273019
273054
273061
273134
273173
273201
273205
273309
273316
273350
273451
273511
273568
273683
273850
273895
273960
327688
327697
327707
327708
327712
327726
327756
327769
327776
327782
327799
327808
327818
327829
327830
327885
327907
327931
327934
327981
328001
328029
328061
328073
328092
328111
328154
328169
328176
328191
328250
328253
328286
328323
328450
328471
328488
328539
328576
328613
328636
328652
328723
328733
328755
328780
328866
328975
328988
328997
329027
329066
329152
329170
329248
329255
329341
329421
329472
393457
393573
393632
394111
394333
394474
394625
394708
394710
394778
395582
395965
396338
396461
397340
397361
399435
399844
399893
400212
400439
400610
400662