559
834
906
917
965
984
1002
1101
1836
2500
3223
3236
5626
6597
6698
6724
6939
7040
7162
7203
7489
7506
7628
7979
8075
8100
8283
8369
8477
8560
8646
8972
9009
9028
9063
9115
9123
9186
9287
9294
9318
9335
9381
9430
9465
9583
9678
9952
10439
10929
11179
11320
11426
11878
11989
12025
12389
12417
12462
12488
12552
12555
12586
12601
12637
12695
12722
12731
12824
12876
13030
13188
13213
13335
13645
13737
13768
13830
13984
14061
14230
14315
14576
14586
14618
14670
14713
14956
14987
15169
15440
15589
15598
15703
15830
16003
16125
16210
16276
16417
16509
17426
17561
17621
17762
17881
18229
18345
18501
18779
19148
19186
19318
19437
19527
19853
19871
19905
19969
19994
20068
20454
20473
20598
20738
20773
20857
20860
20988
21069
21130
21367
21472
21499
21501
21859
22295
22302
22363
22439
22552
22611
22612
22772
23033
23273
23352
23470
23576
23881
24429
24586
24611
24785
24866
24940
24958
24961
25108
25184
25198
25211
25369
25532
25577
25697
25780
25960
26091
26277
26347
26356
26496
26548
26863
27176
27357
27411
27589
27640
27823
28099
28195
28271
28299
28666
28753
29066
29075
29097
29262
29278
29302
29534
29535
29691
29802
29838
30058
30277
30447
30455
30456
30633
30823
30860
30893
30997
31034
31103
31472
31581
31673
31798
31898
32097
32475
32613
32748
32751
32780
33028
33070
33182
33185
33335
33724
33930
33970
34011
34081
34499
34534
34606
34665
34762
34788
34959
34989
35042
35048
35278
35369
35487
35506
35540
35575
35729
35830
36114
36183
36218
36231
36321
36352
36454
36666
36680
37100
37273
37352
37611
37647
37671
37738
37907
37963
38060
38107
38283
38365
38513
38719
38955
38983
39122
39326
39345
39364
39486
39519
39566
39572
39591
39615
39647
39704
39798
39832
39845
39931
40021
40065
40092
40138
40281
40676
40861
41012
41281
41412
41427
41436
41562
41564
41608
41634
41635
41828
41993
42263
42346
42390
42473
42567
42612
42624
42675
42708
42831
43037
43268
43289
43350
43366
43444
43541
43641
43800
43896
44051
44066
44094
44144
44222
44382
44444
44477
44559
44592
44716
44788
44812
44820
44901
45090
45102
45179
45352
45382
45671
45753
45903
45974
46015
46261
46475
46516
46562
46573
46606
46652
46785
46829
46844
46918
47105
47172
47242
47263
47272
47376
47381
47516
47521
47544
47583
47585
47600
47815
47890
48014
48031
48090
48096
48282
48693
48721
48753
48874
48894
48896
49434
49453
49493
49505
49515
49532
49544
49581
49635
49720
49791
49815
49870
50131
50166
50245
50321
50338
50340
50463
50599
50613
50673
50719
50837
50867
50926
51013
51026
51115
51159
51167
51248
51264
51265
51290
51395
51396
51430
51468
51713
51765
51783
51852
52000
52030
52048
52053
52063
52236
52284
52335
52925
53055
53057
53221
53231
53356
53589
53667
53850
54113
54142
54290
54527
54538
54555
54641
54994
55154
55195
55286
55293
55688
55933
55960
55990
56005
56067
56150
56153
56301
56309
56322
56410
56485
56655
56971
56987
57025
57043
57494
57578
57624
57752
57814
57844
57858
58065
58087
58461
58466
58477
58519
58542
58589
58593
58854
58923
58940
59019
59187
59211
59253
59441
59642
59684
59711
60064
60068
60117
60223
60253
60404
60439
60567
60721
60729
60781
60798
60991
61098
61102
61112
61138
61157
61207
61272
61317
61365
61424
61493
62000
62005
62082
62097
62160
62164
62227
62240
62371
62390
62560
62563
62633
62713
62744
62838
62904
63023
63150
63199
63473
63737
63765
63949
64123
64200
64236
64425
64457
131149
131199
131303
131353
131378
131628
131642
131921
131965
132203
132280
132300
132717
132839
133070
133118
133180
133199
133296
133380
133398
133499
133643
133744
133752
133774
133848
133993
134094
134166
134340
134351
134366
134450
134768
134823
134926
134963
135133
135161
135207
135356
135373
135375
135377
135392
135450
135542
135566
135629
135682
135691
135765
135822
135905
135918
135921
135932
136052
136170
136171
136258
136510
136557
136787
136897
136907
136988
137280
137331
137409
137816
137823
138152
138195
138362
138407
138545
138608
138915
138997
139016
139080
139136
139220
139341
139580
139659
139660
140227
140292
140389
140403
140443
140791
140815
141004
141039
141201
141294
141892
141947
141968
141995
142002
142036
142299
142403
146943
147049
147186
147237
148981
148993
149042
149089
149118
149364
149391
149485
149573
149600
149621
149641
149651
149662
149705
150024
150315
150393
150623
150828
150862
150896
151487
151592
151612
151704
151873
151938
152194
152320
152390
152705
152933
153416
153531
196645
197071
197226
197352
197414
197450
197477
197537
197540
197648
197649
197715
197726
197795
197902
197922
198089
198093
198167
198432
198584
198605
198651
198831
198953
198968
198983
198985
199205
199218
199274
199404
199414
199415
199524
199785
199829
199883
200000
200019
200052
200088
200147
200185
200187
200195
200223
200239
200350
200373
200435
200547
200636
200651
200698
200719
200740
200904
200960
200979
201106
201200
201217
201409
201446
201449
201525
201579
201670
201814
201949
201971
201983
201995
201999
202015
202053
202104
202293
202297
202306
202422
202425
202448
202635
202656
202661
202786
202913
202954
202958
202984
203020
203050
203391
203446
203476
203557
203758
203808
203999
204104
204108
204287
204300
204415
204641
204770
204800
204818
204914
204932
204997
205016
205081
205090
205100
205399
205544
205676
205876
206092
206216
206264
206275
206281
206286
206446
206522
206589
206728
206804
206934
207083
207137
207143
207252
207279
207326
207333
207560
207569
207590
207718
207728
207758
207957
207990
208152
208208
208258
208287
208323
208450
208677
208795
208800
208843
209045
209103
209132
209242
209243
209341
209605
209693
209723
209805
210110
210250
210329
210388
210488
210538
210558
210574
210579
210630
210644
210656
210767
210848
211138
211298
211301
211360
211607
211748
211804
211826
211857
211895
212027
212174
212219
212238
212271
212317
212396
212441
212477
212508
212531
212853
213035
213122
213183
213200
213220
213230
213282
213291
213314
213354
213394
213633
213683
213693
213780
213807
213877
213896
213941
214036
214043
214062
214079
214138
214159
214169
214209
214238
214295
214340
214382
214417
214438
214503
214577
214640
214668
214677
214717
214738
214762
214808
214834
214918
214927
214940
214943
214961
215026
215052
215096
215117
215144
215184
215208
215224
215269
215292
215311
215346
215376
215381
215413
215439
215462
215476
215540
215659
215672
215691
215703
215826
215859
215904
215925
216030
216071
216127
216139
216154
216180
216221
216246
216334
216347
216383
216395
216444
262415
262448
262688
262790
262954
263237
263511
263735
264649
265645
265919
266795
266855
266878
266886
267637
267784
268208
268581
269070
269353
270251
270353
270564
270764
270824
272119
272547
272786
272996
327980
328037
328329
328364
328426
328631
328853
328884
329166
329184
329270
329278
329394
329403
393336
393960
394177
394303
394353
394380
395092
395111
395723
395839
395954
396073
396190
396319
396356
396507
396949
396982
396986
397032
397086
397423
398090
398101
398324
398395
398705
398722
398779
398826
398991
399077
399244
399471
399804
399820
399979
400175
400402
400587
400596
400618
400619
400810
400897
400899
401116
401120
401152
401172
401304
401404