16509
14618
398324
14061
8075
396982
16276
45102
13335
136907
6939
135377
398705
211298
213412
36183
55960
63949
24940
202425
9829
51396
4134
204428
174
4837
32934
6730
401120
398722
23724
49870
49581
135629
37963
200373
207812
52053
210848
202306
201814
9009
36321
20052
51167
132203
139341
3320
4766
10439
47890
51852
60223
21859
58461
209605
206092
3462
36352
60068
48090
212238
4
48693
211680
214943
200391
213438
38365
62563
134761
39832
1267
9808
401116
20473
45899
35916
55990
3209
7713
31898
12145
206216
5483
12389
12876
45090
8447
215925
209160
400161
211607
15169
135918
212512
8551
12880
8048
3269
53667
214295
3303
19318
54994
396986
35369
30722
62240
200632
8560
9121
50360
8151
7849
14987
58466
4812
3215
46844
203834
9465
8412
3352
45753
47105
7552
12874
59019
7922
36007
137409
136258
9299
197207
8452
57509
210558
55836
13213
24560
56048
24757
18403
6805
5617
1103
214940
22552
22295
206264
2637
205016
24429
20012
208843
60729
63199
10753
5603
23470
51115
40676
151858
210644
45758
23969
4713
2500
8611
17621
54801
40021
135905
29447
203020
136180
53062
62371
215462
26347
25369
36947
21334
142002
141995
44477
34011
197540
1101
399045
208949
8881
48925
1136
150436
216071
211590
48753
62713
5432
39891
31034
56046
14956
133982
4808
17557
984
5410
7018
25255
46606
29484
680
16232
33915
15557
152194
12322
2856
14576
3212
21283
29802
12479
215540
42624
14593
20845
4538
48282
9183
60490
58224
149125
396356
14080
6855
3301
213887
33765
398465
701
214717
7303
200019
39351
28573
211849
197726
9318
40861
6848
4760
3786
12912
401152
401172
1257
12430
151873
29066
8422
7029
15704
34779
5391
15796
51265
5610
17639
4788
5089
17318
5384
39421
136787
25135
19871
199785
9498
24186
49505
55286
36903
138915
16019
28753
24444
41745
134420
42237
29302
56041
132199
42708
209588
213790
4811
55967
205100
13036
20911
209702
49544
264617
394474
34984
64080
1303
30860
203999
5607
52804
35487
9534
212317
12555
25019
58519
50304
20115
329166
2119
8767
57269
16135
9198
263740
199524
133118
3223
397423
207990
9141
26658
21928
62068
42397
852
8400
136557
140061
17622
49453
137718
137899
215439
36375
9541
37061
24309
202325
917
213155
43350
10912
8866
202496
21367
215826
39603
36114
12741
132510
17858
44244
17488
54098
5650
11320
269538
200651
8374
6799
26599
15962
197019
206067
151612
133944
214503
1680
4847
265936
8402
61178
2514
13332
215476
46261
35612
29465
3356
137687
215730
54290
22772
47377
55933
20940
38623
3243
13354
38235
45609
136188
63961
401109
31133
9123
8359
141718
20853
27699
51765
32475
57695
18881
26496
55081
45820
25184
22773
208323
205876
8445
6327
3257
35048
26548
394695
268552
24547
9294
8708
42610
17638
16045
2860
47544
1221
209854
51207
17676
17451
22927
50495
47674
6057
12353
134771
60781
19527
34081
215590
18209
17816
22884
9269
57858
18013
17813
62904
42969
139880
45204
25046
18779
58065
22363
141892
9145
43641
8339
64267
12301
37705
20001
18501
16086
719
5578
211619
10796
36925
28685
48721
265645
12810
131090
8612
59253
29518
42961
6461
140726
24139
47583
131386
1955
577
41436
30844
11426
141679
35042
8473
9329
16735
197183
50266
394814
210278
205544
23674
64286
63023
21499
139628
24955
19148
209372
267784
140292
55577
17623
133481
6079
204646
23888
21769
30282
135089
53260
214668
6167
59711
30633
214417
49434
58898
8899
1759
7738
2516
31042
6697
11427
12735
6830
4775
32097
13110
8167
12392
6128
52393
57169
25513
15600
63737
205659
3561
9304
49367
10929
21299
58087
36884
2519
4809
28198
6400
10139
150895
206804
33771
148981
23352
32613
263812
137
58563
38283
213993
146966
215090
200195
24086
17072
17552
200593
2527
812
18049
34010
9341
211507
30893
56047
25820
44034
12400
216127
31615
46475
6739
17561
60587
8220
211642
29314
201579
56630
52485
45916
216246
22612
137125
19257
149440
35228
62044
559
17511
8437
63760
1853
135426
60404
197706
205714
202044
7385
30006
25159
399629
17995
52368
6849
202422
27747
17917
8758
7203
7545
6810
262210
34788
4609
13999
400619
23700
12605
36692
213613
28209
140403
50340
56040
4230
52449
262551
24835
131111
4761
15435
8369
203214
7418
3816
49791
35819
17882
59432
13489
2107
13285
8462
12975
394303
52468
38719
61094
28952
56042
62160
15895
2116
6147
18001
200000
37457
15802
15964
12887
12182
37492
31581
51559
44453
132167
204957
214822
8193
3216
141159
138699
41378
55720
29222
11878
53856
134768
205964
25106
11664
33837
394089
28840
17665
56044
151185
43037
8764
9063
2852
42366
2635
35805
7979
9762
6568
40065
4685
23860
5769
63859
50867
133159
24863
210906
12552
14117
714
213780
37611
55423
25490
209723
10429
2914
3491
11351
45117
11831
26615
139982
6821
24400
135407
399820
14754
399486
136958
25288
36351
397373
134762
8796
50926
21497
18126
55430
136170
34594
17762
57043
23201
2607
56971
24961
12714
16591
46918
198605
57578
27967
22075
38841
198953
207083
15502
54301
12271
41564
36873
200596
271795
64289
13030
209
9930
133661
48715
215224
31252
45352
135061
9595
27947
140810
397384
33363
7015
40564
9038
262287
44489
132825
28343
38264
27176
8732
26383
36914
20860
36926
150862
9260
212504
39486
16223
9105
9146
1781
61317
13188
9902
24544
19037
133398
43754
200185
213250
44395
135450
207957
134365
208813
7562
202520
396073
786
12302
29580
135953
137951
400536
41608
27895
207137
4800
138754
29614
9506
16010
28126
36992
41095
61138
138415
6866
4618
17421
62610
199912
270353
200845
9370
553
46516
212219
8376
327813
206281
29208
15468
328988
393336
42560
263291
215026
62874
53356
23693
48014
47589
39855
6713
30900
215703
13238
57588
5378
10620
2518
30986
63473
132525
8717
37153
204287
30475
58541
29256
27651
133499
26042
12716
52030
5466
44066
23688
42337
47692
58540
6878
29244
12338
37693
4780
23956
131353
49770
29695
6871
135139
45458
26210
146943
398090
6724
12668
210125
138077
12042
50979
56005
199064
15672
270438
42841
4804
135761
136435
24445
51468
21056
209272
47524
28649
31200
12252
48716
21246
393886
8781
141004
2200
43529
51430
20546
24158
214918
802
18002
399296
52565
28006
25227
15525
329206
13046
55293
35807
21069
41281
7941
2108
211860
9873
395954
30848
28787
150008
12991
55824