16509
398324
14618
8075
16276
396982
45102
14061
135377
6939
13335
398705
136907
211298
213412
36183
55960
63949
24940
202425
204428
4134
51396
6730
174
32934
4837
401120
398722
23724
49581
200373
49870
202306
207812
36321
135629
52053
132203
9009
51167
37963
210848
201814
20052
206092
60223
48693
9829
209605
10439
139341
58461
38365
51852
3320
21859
212238
36352
200391
39832
47890
35916
4766
214943
48090
62563
60068
211680
4
135918
209160
401116
3462
12876
31898
213438
20473
8551
5483
200632
206216
1267
35369
134761
211607
9808
400161
15169
45090
7849
8447
12145
50360
53667
12880
3209
14987
396986
8560