16509
398324
14618
8075
14061
396982
45102
16276
135377
6939
13335
398705
136907
211298
213412
36183
55960
63949
24940
202425
51396
204428
4134
6730
174
32934
4837
401120
49870
398722
49581
23724
200373
52053
202306
210848
207812
36321
135629
132203
9009
37963
201814
9829
51167
20052
60223
209605
206092
58461
48693
10439
51852
139341
38365
21859
3320
212238
36352
47890
200391
39832
4766
48090
35916
214943
62563
60068
213438
211680
4
135918
209160
3462
401116
12876
31898
211607
20473
8551
5483
206216
200632
9808
1267
35369
134761
400161
45090
15169
7849
12145
8447
50360
53667
12880
3209
212512
14987
396986
215925
8560
7713
45753
59019
55990
3269
58466
45899
46844
9465
137409
3303
197207
12389
30722
54994
56048
47105
62240
203834
55836
210558
3215
12874
13213
9299
24757
8412
20012
10753
57509
205016
3352
210644
23470
4812
136258
24560
214940
54801
60729
36007
63199
26347
51115
22552
53062
7552
62371
208949
9121
206264
7922
19318
8151
5617
40021
24429
1103
208843
8048
48925
44477
48753
62713
40676
203020
6805
141995
8452
1101
984
214295
142002
2637
135905
22295
136180
25369
152194
36947
46606
29484
197540
2500
8611
151858
216071
18403
34011
5603
29802
29447
56046
60490
21334
17621
14080
399045
48282
398465
401152
401172
151873
8881
1136
213887
17557
4713
40861
197726
133982
31034
680
150436
5432
149125
214717
9183
5410
7018
396356
42624
14576
29066
7029
39351
39421
12322
25255
4808
15557
16232
8422
211590
33915
14593
4538
2856
215462
215540
20845
6855
12479
25135
209588
3786
21283
20911
3212
49505
28753
17639
264617
394474
52804
41745
42708
17318
12912
9318
55286
205100
212317
132199
6848
23969
199785
29302
64080
203999
263740
133118
199524
14956
200019
36903
42397
45758
55967
19871
12430
30860
215439
36375
134420
15704
50304
5384
49453
28573
34779
136787
15796
207990
215826
36114
8767
5610
202496
58224
1257
138915
3223
4760
5391
37061
24444
397423
701
137899
5089
151612
44244
42237
3301
21367
4788
9534
211849
43350
26658
20940
16019
54290
58519
213790
13354
200651
9541
51265
22772
8400
852
133944
35487
1303
13332
11320
13036
7303
12741
9498
56041
215476
136557
34984
25184
20853
10912
9123
51765
16045
206067
57269
205876
136188
269538
268552
62068
265936
26496
38235
46261
9294
5607
214503
26548
1680
25019
55081
32475
47544
21928
39603
50495
5650
3356
9141
4811
2119
137687
3257
45609
55933
917
17488
208323
8374
18501
20115
19527
213155
394695
62904
24186
60781
8866
17622
59253
6327
34081
49544
63961
197019
6461
64267
15962
24309
265645
57858
9198
35048
131386
141718
140061
215730
18779
8445
47674
17858
38623
48721
58065
54098
401109
137718
8402
394814
3243
139628
61178
47583
47377
214668
12555
36925
214417
53260
35042
139880
209372
21499
57695
141892
2514
43641
22363
32097
35612
215590
211619
209854
205544
1955
52393
6079
17676
134771
141679
49434
3561
2860
51207
17451
8708
23352
28685
12353
26599
45820
21769
24139
213993
1221
24547
22773
41436
8339
140292
204646
577
9145
5578
17561
4847
31042
33771
49367
205659
8612
6799
64286
206804
52485
34010
12301
216246
17623
9329
17638
12810
200195
216127
18209
8473
23674
4775
267784
16086
37705
399629
9269
59711
63737
52368
27699
25046
18881
22927
52449
50266
16735
10139
30893
719
135089
63023
400619
213613
38719
140726
34788
263812
4809
202044
22884
394303
46475
42610
148981
38283
141159
2519
138699
42961
11427
25820
20001
197183
57169
8359
60587
16135
200000
6830
7385
6400
12392
131111
53856
22612
1759
44453
25106
8899
10796
60404
30844
812
50867
29518
197706
11426
17552
213780
62160
15600
51559
210278
6167
42969
2635
137
13110
55577
25513
559
15964
43037
42366
15802
262551
209723
3491
12735
4609
9762
11878
24086
9304
36884
8220
58563
55720
25159
210906
17511
205964
7738
46918
133481
49791
201579
2914
27747
39891
25288
6739
200596
136170
50926
151185
54301
207083
33837
202422
37492
1853
17816
2516
6697
33765
10929
131090
8758
28209
18001
40564
29314
4761
31133
56047
132825
17072
215224
150895
211642
48715
7015
1781
63760
399486
214822
8437
26383
6128
24544
15895
135407
8167
399820
35819
23700
211507
22075
23888
36926
30633
56040
9063
6057
17813
41095
12975
19257
61317
133398
21299
62044
55423
9370
263291
48014
270353
6810
215026
12887
63859
12605
205714
200593
39486
400536
45916
35228
29614
198605
12400
13489
212504
206281
199912
23860
2107
6147
328988
40065
38264
5769
52030
31581
39855
7979
59432
7562
202520
15435
27895
203214
8462
398090
11664
8764
23201
134768
3816
56630
17882
393336
44034
18049
41608
204957
13999
15672
58087
55430
24835
394089
45204
19037
11831
138415
135450
51468
149440
140403
56042
262287
802
2527
271795
42560
137951
7418
28952
61094
141004
9341
30986
131353
8796
12182
41564
146943
133159
262210
7941
13285
36914
24955
41378
134365
15468
26042
23693
13030
2852
55293
34594
397373
133499
31615
6878
29465
553
786
214918
47692
204044
57588
6568
63473
36351
14754
215090
51430
35805
714
211860
2607
206791
21069
24961
139982
9146
134762
46516
150862
8369
215467
27176
56971
398101
37611
2116
52468
151270
16010
30900
139692
16591
10429
23688
55592
8193
17665
207137
7545
397384
35830
203346
27967
209272
57578
25227
6821
62874
135953
4618
20860
20857
56044
7506
24863
34665
15570
62907
42841
44489
10620
49770
213250
199064
18126
43754
9260
12668
9930
204287
135139
43366
21497
17762
28840
401401
198953
212219
5466
4230
200845
136958
37457
30823
41281
24651
27947
36692
3216
47764
12271
29580
138152
34762
207957
6849
29256
263744
25490
53356
8376
45117
55824
44066
12302
147049
202053
61138
58541
47524
17995
29208
199218
31252
49981
4800
263500
207547
9038
207023
45352
43766
15502
57164
23956
17506
24400
36992
15830
136435
8717
17501
138997
210413
208813
216334
12042
9105
327813
3842
37153
135061
395954
58212
4804
32613
2108
5430
11351
1659
37693
26615
200185
15547
209
132525
15399
28126
213230
204770
201670
48716
210125
55163
26210
42337
27651
29695
206728
5378
6713
56005
12716
8496
29244
15958
46573
8781
50979
31115
62838
4685
30475
43529
33363
21056
36666
9981
25144
135161
140389
12991
203576
9902
31213
12552
17465
2200
136190
6866
204548
12252
216312
42908
270438
133774
210819
58540
200350
16223
201019
44395
61272
207743
12338
14007
9506
149746
138754
15525
399979
20546
36866
136052
21246
216234
36924
198093
35807
9443
38841
44866
397044
30848
134542
7679
394380
13046
202325
203061
6871
55352
8648
23650
48832
40793
30058
43289
29262
134823
199739
9316
329206
214898
8732
17421
9595
63734
25198
33182
140717
8972
21021
34878
6724
137702
266702
196730
47589
133661
11179
47610
138077
51783
9905
28006
214209
12695
2497
34534
62744
36680
140627
7470
15994
8387
4224
64289
28787
19711
51184
44486
204997
150008
35549
29222
131596
24445
134599
24158
31242
133380
134760
198471
48707
138128
17917
45458
63844
45773
29571
6134
17222
9658
28343
13188
14117
138950
3292
214305
4771
209956
44094
10066
8368
54825
149705
146817
42003
29056
13916
38266
16347
18734
37671
49808
31012
6661
8346
46664
2734
134756
58898
53107
42831
28885
134351
2518
147237
40244
17709
766
37105
25139
14315
12849
42612
5413
32244
61084
11830
398779
30081
12714
15943
15397
8308
132883
329009
20011
138968
140810
17426
38136
33779
44709
51813
21479
202015
262409
19429
44363
138407
41913
1764
50261
63835
50835
49532
47381
60294
1836
55685
142403
132335
13045
7040
140633
61125
208932
16629
43513
205352
210630
42652
199414
9824
35104
62336
42863
3329
26356
30282
131965
52129
9873
198967
24151
216341
24323
3255
20485
135478
31117
9381
22047
47585
140293
202098
31263
209103
39686
396190
202914
29119
43375
12083
45669
327782
3302
27882
38901
4780
18809
50673
37342
23673
37645
9931
19108
210250
197695
58542
16342
212913
57389
132839
33763
9674
1897
41998
214481
11845
265691
141356
142036
19148
39392
20294
55341
2611
25467
135059
208583
215703
37468
45722
206206
132165
11562
51973
8821
61112
399296
8386
22611
63838
20676
136195
262378
209101
15774
210329
57860
54600
16202
1835
13124
10029
13280
50340
30036
3249
12213
197477
59257
212175
41754
40156
9697
24492
210538
393886
327934
10013
134697
56067
30006
56167
12722
50719
59787
29432
29226
199653
37204
12372
395092
28118
53006
216300
16326
131269
25248
197854
58313
48386
31167
262916
13238
30277
37119
149118
151383
47447
15924
44143
48635
31655
39122
17547
48950
31200
17924
27831
263767
61461
36873
23889
7195
45374
133752
3549
24203
27823
9764
269416
18678
3132
10010
8926
327712
8399
32489
133073
212441
206352
41164
13037
134238
264628
57344
8267
52937
32875
28649
41897
141201
36441
215208
31543
18229
9125
210509
31245
15440
27901
4764
27411
9790
28725
29075
43940
9484
9770
7155
28198
133643
17981
30764
35699
45769
9335
4773
394353
25180
151380
52236
3262
23961
30600
14259
8053
56478
24641
133287
137872
42427
25472
43451
10617
15366
21826
151734
59441
214677
132167
207713
28760
268645
30447
40788
11172
210731
931
327931
398704
18747
39287
59729
131267
140527
207326
30689
204490
9845
45370
4755
17971
49531
11976
11492
265721
63759
43357
30021
36935
23923
135523
38019
27843
15751
59187
204800
9988
9416
4007
202870
23944
397086
199636
53958
40980
20632
4785
12578
141998
31404
62610
29286
199883
216099
264030
205842
215787
266051
38193
31549
50467
31510
396507
9119
44327
23383
15598
21130
1930
43928
25328
197704
42873
45804
49800
48642
12334
137697
16246
64236
29456
28812
58477
35575
137699
17809
2609
13194
5416
111
11556
37517
8492
45700
136038
20773
9051
26617
7203
398108
31798
132116
268205
133199
49115
6306
8953
9319
203758
135959
15623
198983
27725
16345
8345
3258
29124
400992
20454
30902
199058
262954
906
210218
17754
13101
29169
16814
6181
16628
15735
38700
59162
1241
198584
39647
44901
18450
21050
45903
43612
33130
134674
137698
20207
42306
37228
213877
20978
39032
400529
4818
268581
59890
12312
33185
60904
36907
12709
34927
44735
399646
12488
20278
18978
209702
37100
48955
45775
55803
31261
27717
43205
215930
3219
207992
43444
210403
138195
210369
35311
9044
203446
6364
34470
215096
139994
32
48678
55410
10834
702
46562
142367
8585
42082
396362
135607
63526
44092
9031
201838
132280
50436
135872
206892
45528
34177
201341
35244
5645
37075
12350
27569
45671
137693
56694
20771
9208
29182
21413
211381
149178
48161
149651
13767
396949
18002
22724
52073
4787
7482
7625
43278
6703
30619
131366
30990
51350
202297
24088
210743
35518
198610
45996
45650
262448
213035
50219
2561
3326
45235
8251
30992
39010
138341
27951
6772
35753
200805
63018
58543
52574
29357
14413
136384
2027
44407
204601
29405
132115
135951
131207
206262
200590
31363
213498
139831
150887
45271
9924
272809
4750
37340
139220
51026
200924
138995
393960
12570
21040
39364
52361
24122
7162
12494
133612
53813
39608
24822
131414
22843
20875
1117
14381
56207
33934
41733
18207
211871
19901
203557
35328
41336
48524
9908
50810
24806
56309
5550
8255
150750
134366
62651
34743
199654
2639
11776
39232
134732
51375
39642
12990
19994
45588
58678
54641
48728
200088
50599
21309
10030
24872
16322
8763
36912
199284
37148
61280
59078
270068
138423
35432
25394
28210
43667
271188
1299
8070
137280
36994
45595
55821
24499
50010
23750
14988
15404
9070
49528
37133
13150
25512
49304
38511
45012
399804
61211
36891
8778
150623
28548
36996
138982
266886
52423
200446
204139
17839
8342
24608
9050
46887
48894
152790
7377
29170
44144
28598
24389
7642
206176
131178
131445
48347
855
200525
12683
28554
41798
8562
202613
41549
328471
135244
14670
42772
207143
35179
31027
31520
24435
8814
25504
12886
398019
140817
50928
133647
38209
141039
8728
29247
37054
328856
25424
4816
205676
10094
12297
23991
131642
50077
36908
135932
37006
38758
15377
45356
12684
12574
4758
29049
8970
40994
61223
59272
48503
214574
21575
134032
35370
47302
42313
12768
6698
15897
45536
198968
132153
41307
140443
263703
133275
209709
8257
214036
50825
31638
205530
24378
14782
38532
48314
26611
28716
58369
47165
138489
1213
50718
262186
215292
11232
138368
15935
132770
58046
33335
136525
45543
211720
2586
38195
60631
204094
204769
18053
400587
23752
52048
12616
21430
29975
17625
51747
10225
61173
11990
212271
51395
197922
328867
401104
215269
41872
37069
209531
47232
44869
47217
131921
9087
153063
52341
139490
10299
23158
31163
9112
33387
49242
5394
58715
9354
269193
33983
52571
6876
38553
204410
44656
138655
151592
214996
149428
35470
27775
47169
35908
202252
201776
57800
205847
16097
14638
45582
15659
205399
133180
10175
25133
1111
35191
24342
44631
34797
58895
8595
21003
153656
41508
41088
207348
153551
12997
9698
51659
205275
47441
50181
141514
141140
9583
28122
61087
15706
197897
131429
208795
57795
196735
25620
28761
11014
803
31679
263511
37284
11814
13127
59223
63962
58965
210924
137095
44679
211138
137125
197248
263821
16637
21232
33993
45544
9891
28919
20960
209641
269820
12091
41786
31477
140869
135373
197672
134810
30781
24432
3737
20055
28403
64425
21453
45415
397270
272996
215346
38565
11404
8468
5713
397630
213873
12586
17598
15808
48324
8990
21277
135967
25515
137166
212655
265911
9644
34606
13306
133720
200484
208040
57279
264837
55699
8615
60517
60258
37282
20811
3758
12508
198102
376
328397
25374
48128
45430
18986
205090
214483
23338
12414
198726
205647
33846
12824
142032
21127
197309
44234
15614
30873
29084
208287
25108
24585
135983
329225
28220
133001
31205
47956
35790
212296
327724
264790
56322
199404
59580
44377
398830
15967
214657
42159
30083
28890
38082
42277
214094
205960
213186
263735
30922
17853
205565
1002
139021
46690
37323
27879
131464
38794
18103
15576
57044
269795
6696
40786
213693
56740
56882
47159
23404
61154
137266
212508
46375
24164
5385
11260
9605
57353
49125
31725
19740
394769
59588
11888
51978
197637
199140
56736
5602
27837
44512
13092
198930
13440
38091
44217
209604
134543
42682
29097
394684
49100
32098
44592
197075
27800
3214
212477
209132
213010
7602
25176
196645
24320
15493
49635
26101
59577
47154
41497
328490
8888
131210
4694
50474
36937
62468
269832
132692
34985
14522
399673
396073
24953
42473
50113
12929
212027
269657
271591
4657
134548
208450
204666
60673
22439
41079
37313
11855
35141
60560
4835
208102
199415
262191
9946
62212
28186
22351
31103
206065
37447
61805
52260
35506
4515
62005
47914
135763
60439
40934
200514
202448
15626
39824
28146
140220
12360
140091
327972
12897
50767
49081
27773
141342
132215
213606
55256
15694
10396
49720
9694
5606
132124
138384
34977
215672
39699
36890
7497
47236
8641
31208
63969
37223
37332
199319
17243
207790
6391
9712
135025
395111
396948
139180
17563
49218
397032
147293
34347
35568
52362
28509
25540
49048
63508
131392
20804
1114
198089
49020
20016
17931
206021
51175
8580
8393
328184
64457
47234
7992
136336
210083
11721
18822
135834
52284
196651
20634
43653
24921
28201
150462
214340
136897
27813
265420
133800
45284
327812
45557
13000
56665
207656
202940
53158
39927
9129
152605
50837
60855
9500
15703
23791
150683
21100
834
396527
42864
138267
5626
23966
133334
204170
17577
35816
205400
152825
43989
48254
150263
263065
58375
24691
8426
12611
43153
61591
21183
13490
979
45498
55666
209193
57043
214062
34758
398343
1403
8968
6752
20057
202662
213126
23576
9617
21599
139011
265761
134707
212552
51612
327901
20847
132296
31423
201749
208972
201525
34702
208864
151847
133594
8283
52233
153013
34244
36454
56150
6535
57334
4637
57293
207375
52862
267964
35372
45184
56803
214196
28458
7623
329244
38320
9927
20910
1273
41676
44925
9085
52263
17483
205119
150027
42730
23089
134911
55947
7765
23528
5377
28972
21263
27983
9231
10103
9686
53991
196921
216347
213893
7590
25447
18345
34058
12946
57494
52043
27884
141793
24173
134788
150359
209309
12390
44684
262731
47474
50053
20723
38744
57724
29686
29648
58689
138296
24337
28165
17747
45305
9158
36231
132056
55501
27665
270270
20552
151338
25454
42673
215761
262391
214285
39790
60754
27640
27924
9155
48544
202468
23243
20776
34224
49798
272955
197902
38203
24739
22689
51580
20879
212910
16058
24187
135222
400810
135097
203380
50782
200184
42927
58243
39835
20886
48206
50300
201746
151330
21017
137967
266303
199250
15532
62161
51809
1729
13156
34700
41843
52848
62000
38482
265919
56089
214526
32867
50316
197524
27715
58593
327761
20810
12978
24534
38186
263355
60246
48328
9387
20766
30851
39574
56262
150052
31775
23974
47331
18004
48492
7049
10219
58314
12455
19165
39120
22085
51200
132241
9657
16116
13347
141126
7224
139879
37279
50241
50581
136969
133201
18182
24994
137120
46785
42960
29691
134540
39440
262197
11139
134033
17469
39493
7522
2602
62082
58682
36974
8905
46408
214403
39326
34168
47626
24207
27839
137526
28669
133676
208677
2018
52228
29081
48004
14868
24945
37049
6687
38466
205285
196802
4181
136515
51504
204896
400861
211056
213194
39582
4621
56099
137689
28015
133385
137853
28075
203217
41134
47995
213373
23884
60806
6769
33947
41627
212531
44391
39729
4213
29633
199856
29287
7489
40355
214941
151595
203219
37002
56329
41966
10143
42846
51159
27987
52495
328331
56534
56981
51346
24768
44558
44418
152390
25528
42346
48778
41704
2547
200964
25310
150011
24550
5723
37680
45839
35654
52963
328224
27589
13737
51407
213455
18233
270764
37337
131378
196695
18081
59191
136334
25375
37037
201476
206075
55850
31127
54103
51290
43428
43727
269749
207252
206991
149419
23520
25192
11290
28637
50584
132984
30855
153416
6677
201890
132817
56420
151938
8286
52436
139009
131293
131284
149089
28202
21487
31272
29582
34887
11081
10054
49117
57760
56933
141031
266777
31214
200521
1653
51621
204818
6389
56696
33885
51873
43128
46015
59497
11402
28270
48763
30598
47790
12693
52075
135269
263033
266181
134465
9976
27889
12491
23679
39906
29190
203953
9821
62214
3308
39560
34785
9023
140173
25532
264100
6966
15997
268323
28889
8661
17575
203459
60095
263432
133744
132061
328539
43341
23949
17400
268018
199811
53038
39435
203223
51320
272547
138608
134877
198096
10111
400618
41789
50231
12843
198813
206358
133776
137085
5390
203476
50613
33535
133301
39572
24282
139925
48278
15582
201106
132590
49889
214159
24722
59862
224
12423
42739
48926
51684
35656
8851
51784
34296
398721
1113
52041
135307
58453
44593
15383
197033
21211
21221
35378
49915
21804
35646
139922
45365
207569
48951
37035
8069
329387
28414
212212
131626
214438
31149
29687
45701
14232
201035
134375
203542
56466
6718
41354
8540
63119
57910
50606
43372
57658
210402
328111
31452
214927
262459
53939
38120
43061
42689
26827
51604
262582
151992
39845
201021
40819
141968
34343
197886
49282
57626
34318
43507
29649
49524
135247
27984
51582
41046
35613
267296
31863
28878
267783
269409
9919
135917
2152
9441
35362
25229
53098
31083
52977
132618
263230
8697
37287
328943
328223
44051
41268
56300
202678
42910
8304
45194
58061
134319
329007
133524
8720
16333
9471
132774
29177
265017
135357
10036
31143
35625
41421
35579
28683
263481
57944
131471
57773
15425
43668
54198
21107
47586
149749
207821
395917
134204
132298
133469
136255
45433
266396
328727
7474
216158
7693
267251
47887
8570
29667
57230
215413
268976
3741
31708
132447
39102
262253
6429
47810
25250
27964
51685
137090
37424
59943
393238
37012
140224
264369
5588
34525
29657
51043
48943
16205
28032
35467
60558
48969
137361
19024
41661
328373
202561
41909
394256
33028
57433
271814
198352
14677
150279
51074
34187
7459
31736
206238
58328
201603
57844
271791
31246
35444
11272
41330
19182
53755
16024
7684
58772
203489
15605
25521
199155
57630
50953
12464
57728
200735
7565
28917
33965
213281
133260
149433
149268
135392
135375
44493
264850
198589
206446
42155
47394
208951
37461
205294
200724
12620
37717
198433
16178
15723
48781
216046
27768
47702
150516
42422
400940
59362
263238
53850
329205
37480
209366
264111
52794
60824
41682
215704
12355
48661
33922
41491
272825
58768
139820
16125
262481
28855
29413
206433
4128
262907
135697
29422
15661
38200
29061
49724
42232
50466
141294
5403
43824
215762
262994
4725
34087
35063
51653
21466
39791
49985
203995
51847
55769
50126
329014
9825
52235
210379
271907
33566
24631
208161
138290
208905
9326
136364
18144
18419
38972
58656
135799
150445
61287
38229
30975
59460
1741
61079
51645
13041
135341
27660
965
214238
267096
53831
147023
213220
211279
20870
271129
37020
206943
39812
33588
56246
265523
36647
44549
57469
20686
39878
42707
42965
138544
37907
263244
6856
196949
31376
196968
138958
135718
58893
394625
134651
43139
51004
399244
1887
47638
47917
48789
12046
200780
24991
6711
62365
16028
262913
12399
12453
23671
60656
198906
264830
63932
52965
149147
206924
207590
213702
202984
152320
57974
263689
52974
197155
211621
138421
61452
33874
15874
28999
21193
3449
44692
138774
140745
17470
146966
23872
53066
39704
26527
21013
135226
38987
39318
13977
6740
44073
213314
198668
50522
8256
41630
37577
15457
29396
149009
132497
45754
62442
43248
141254
60016
327885
38592
9430
3
271347
21458
34412
53589
211356
35539
213200
42410
134489
21409
48847
12816
39238
135354
34123
152615
58765
215184
42396
15805
198397
27738
31224
39931
133278
8517
8948
17471
34456
42555
138089
42532
150706
27027
55944
50195
201973
42525
210070
200023
50171
35434
2837
197451
43848
34820
56449
206276
25460
24165
60849
38121
47576
196714
202004
15763
44789
206575
41275
33991
205463
202616
140979
208354
152530
39662
1704
22616
50852
50624
39184
37053
48190
35047
208847
139981
30925
327707
197423
134858
262380
139325
58955
25697
34170
37453
141711
50543
44539
10680
208879
8469
31204
149042
153673
201290
21473
6758
62564
212263
16633
205262
8590
197013
210104
34373
49290
16006
263026
26077
38600
197450
36599
44056
48271
211389
48266
199401
57633
34080
28668
273683
327921
23959
273309
41557
46841
39912
265245
58659
262354
132559
133296
49551
52444
134337
263684
9230
2110
50031
215117
137424
135780
269814
201664
197422
28665
141265
17787
28580
33576
58717
263725
131706
23584
135744
12511
8508
209335
205218
12941
31662
1916
51960
31122
39555
203675
51013
134113
30742
133775
30985
17698
400304
29278
38627
12324
135125
48096
213807
52783
4686
138787
42675
38524
209191
34137
201200
21949
22423
29091
264323
133662
197860
197204
29076
202660
9488
265855
197296
395354
37113
206170
44086
208808
12969
37030
49261
265175
20661
28327
134937
20598
23314
137157
33923
271951
262145
41096
39251
37429
140947
35758
133119
208988
401479
328638
10297
208126
13054
12333
35540
35671
35007
51987
61028
13649
267708
20746
136716
8047
200026
136224
35394
204916
42116
328840
201011
31370
1547
12119
51888
53081
201409
152107
328200
30936
133680
263300
149060
1133
15937
57227
214217
9340
133014
37196
262450
2711
264496
20626
197307
49902
134806
12831
12767
51569
141314
36444
57323
329184
55492
44133
133957
136030
18106
36923
22408
6412
35706
18200
141766
6300
27995
34315
51521
49864
39305
24751
44444
202050
56550
48957
29492
4922
209810
139971
30838
23472
58495
7540
20545
6858
37219
206341
34911
9232
31148
967
52765
9351
41435
9103
16227
210756
45766
21743
142488
13768
9136
132110
57624
15162
58246
206026
266962
23764
17962
41350
4739
204650
8823
198984
136514
23951
138225
37442
9832
11432
29584
19084
9211
38805
132445
41750
21230
133384
61102
272122
45287
37084
327799
36905
9569
38673
262503
12993
30999
27668
32002
141739
34661
328437
25468
203778
25400
5520
39265
15806
201735
199562
34339
21419
6882
28299
38731
42387
205254
24085
37110
8365
49088
21034
17529
35325
37473
400175
45538
140096
28656
150774
50469
139007
56487
138746
36874
36850
211957
142447
47066
23838
269051
202779
5618
264436
21501
11167
64445
8290
43567
28226
5400
31499
34989
59869
49743
29522
34295
25164
1161
136119
271689
29134
327947
137453
262847
262632
211859
6621
19114
39199
12764
269194
7122
10099
28110
213354
33083
12361
34471
206617
213080
20510
34694
41931
138965
31608
141767
44124
327693
61060
28171
58762
203591
42189
57513
138590
132771
13448
44566
21412
198178
1640
211306
51143
47263
135887
25124
263047
59790
57789
42571
209181
328451
37440
200154
206002
214738
9186
34458
198890
211874
12486
52967
264302
27887
36646
17494
269025
141145
43843
22995
6921
196954
39544
15580
51399
5404
13113
50971
152462
263569
42581
58381
44265
52630
132622
16245
138311
34300
37542
37484
6315
51561
150249
197882
43994
42548
197648
43317
27323
50049
43581
49273
56876
36149
35332
50625
59607
208041
262673
57497
29238
263189
58056
45326
17538
52195
199837
197635
50533
16283
216382
41110
22315
198004
17864
49203
5639
11019
38880
398357
52892
10269
25933
271338
57154
8334
265046
200313
139587
29355
266434
21378
23106
31566
12730
42109
30836
262415
34666
12846
41075
206774
49163
203732
10075
19969
19853
8749
11259
51713
39570
138131
63996
11816
201767
262259
262807
262663
131423
61888
37605
24554
198985
15433
268051
61098
269931
270646
35100
200970
29050
6782
34362
211189
13170
9312
50815
8865
205005
45177
209043
18196
55839
29690
27742
12708
211908
203877
4721
197623
10961
29889
56833
1201
196755
50821
141509
17098
28265
56595
328510
17976
52945
264278
141266
38713
38955
37154
197954
263470
15442
211066
25403
197226
264071
50923
54252
24916
31257
12754
39216
265238
137127
35765
60377
20880
151066
262691
35298
42087
51570
54858
57218
131602
262352
39494
37358
209341
138886
19237
20738
17539
134913
211995
133480
39020
151983
57251
31476
278
10242
23487
29194
31724
138640
25549
328543
57013
36939
32167
36962
202357
201646
204020
197398
47617
50920
60296
20712
44002
202237
199715
51436
56800
39657
35199
208324
13189
327750
328514
264129
199724
8643
136841
57172
197862
12564
17448
15640
152705
197099
5056
36865
271258
262659
16190
43709
41360
327738
328479
196797
59989
53024
60740
48092
211301
399997
50187
61889
273173
149645
45245
59891
24852
8427
213896
17583
262404
46023
28258
203101
37009
34254
13292
49101
28929
136480
44454
40092
138854
210895
47895
131627
12365
58309
28642
140641
58821
52262
269846
16302
265684
140499
400205
34550
38506
41960
13357
328797
8544
35682
24525
262273
196777
49183
25274
21267
51589
197235
42925
269070
213737
44552
35425
8937
8280
64476
200018
39702
16117
50188
34953
47273
43957
209346
679
48424
16904
10430
39090
3242
31469
16417
61371
48207
33567
209040
8636
47120
272882
39065
7057
208708
327697
19437
147003
265867
12829
39401
263880
52560
26619
29030
42512
199276
46450
44724
61157
262606
56709
209196
62013
138804
29550
132717
139659
215659
9021
39273
22427
36290
33871
34718
9929
17608
265777
202709
39798
198825
9365
13333
57026
13009
202921
140903
208909
270814
58321
12093
31277
210616
262595
45143
49447
209767
61512
20807
46783
60098
210469
147038
262753
13370
24812
52662
262285
27720
5408
135781
61335
31430
22951
395965
17857
41167
15378
37425
16027
42981
35046
62022
207156
21182
13193
42656
20677
50247
141253
133648
58080
58791
207489
268437
265540
137239
141549
45905
135345
35032
42905
12835
61424
6325
39869
151719
132453
10001
56456
134437
8449
17854
9008
60715
197400
198371
2614
33883
39817
215052
57608
38067
9422
135188
62370
53078
208668
262494
328858
268280
57378
206070
270161
198537
200851
61916
29027
48452
41039
7633
209059
41828
207065
31297
327687
202105
62887
12332
48739
50025
50577
197453
206926
50542
209828
37014
32181
27653
21351
38732
8326
22646
6735
46019
61205
12436
41047
209243
210315
15311
263016
262785
39280
210183
3267
147181
132768
57961
136288
5009
48239
206194
52056
24700
35598
262812
27
12739
19180
48441
29555
56268
60757
328436
12958
16592
57354
142616
48252
141433
263476
37385
50477
2907
25222
61174
24723
13097
203018
60501
41738
24889
48362
44513
35205
50186
200689
269984
58322
134294
262854
328723
153371
141421
133255
137074
136946
213772
204679
138277
205800
61296
137645
267582
328329
39257
15925
43420
37027
58130
263405
39944
151630
152179
14813
13501
401314
37302
12963
34867
213619
140227
202872
201825
206375
328880
34533
262462
50254
138155
263018
36913
136654
53155
60171
400725
11989
202395
199496
28469
60203
61304
213881
400897
7859
21565
41881
198651
31319
28652
201133
135566
8448
48147
50670
30983
198154
39501
17968
3208
263155
199490
60624
44716
213260
215920
206387
205168
27672
149068
272073
6503
269771
271060
137443
134326
42666
44385
133652
47325
151804
135589
53363
210022
3170
262499
38710
134928
134026
273023
263656
28318
327776
16625
200982
41585
44222
38442
34772
201299
56038
35645
60087
207994
203087
56391
43413
50881
42184
1780
39405
206910
22652
43118
57332
55847
57112
209811
6823
264605
264104
35125
140594
198545
56272
42912
44604
262272
214790
49461
139646
203667
27364
47114
140791
132510
213095
198935
59395
329270
141862
137897
28294
28183
44061
132641
136174
52101
50242
15164
204478
2381
59515
52413
208208
55805
136362
24163
25840
29545
134968
204457
10118
263952
267679
18013
48854
133593
37168
25052
932
328660
272110
41822
51592
17055
263151
132420
196655
41625
140122
51027
58492
266953
8542
48431
27792
141990
131442
49821
48507
269843
56655
26727
39783
55330
27818
41230
15128
16367
49158
28876
27927
329301
329101
328676
37654
151690
38493
62440
264508
44894
8100
136093
207589
329029
34660
35745
263008
135796
201446
196705
13099
202632
197181
399077
48964
58731
52346
262519
200736
133070
210021
37294
47794
34288
378
36909
135777
34439
56055
198522
35224
51615
197550
204716
201977
48284
8632
48830
55915
58952
142529
35091
53055
13296
52752
59895
34971
133246
41926
137959
15955
139460
199083
50998
12766
208781
25406
58598
53173
50411
198307
43173
60175
43623
211595
20665
204190
60798
53221
197663
206066
207594
146918
399275
3920
262992
53065
46198
58291
207429
47876
57077
202719
49784
265477
200409
262805
200043
197217
49223
29107
37063
28634
24521
329422
204035
136365
31721
13178
24699
137226
25668
28342
57474
202618
17849
264197
25082
38001
7795
36963
266853
28048
206988
204914
132556
211029
267882
10109
20412
328212
48000
5504
57248
263019
39375
47156
6762
270362
18882
35986
13119
34659
49044
33951
34040
56566
197301
204672
197227
328286
206438
17444
26277
27729
262755
27669
45007
29436
199809
136873
206119
52613
141681
35900
328652
201167
205516
9676
262773
27833
267205
43542
56380
52860
35297
28300
135817
34891
56209
262521
61937
42334
149971
18024
12759
41635
34931
36920
149161
137655
50512
327830
53338
29086
208556
12577
41289
47116
30813
35695
12426
24848
207691
19399
44974
42947
11353
25496
263146
395745
329044
137989
262504
136442
35729
21353
7438
268900
200239
49278
202228
57606
141898
197798
150596
198509
52172
58334
134153
16863
139043
38999
153271
329451
52971
40982
47830
21433
196900
37136
12329
57055
43070
60533
134802
207279
264106
210178
57896
214309
49718
137552
48917
44851
52173
28099
211748
48166
263327
14840
59466
207236
41668
39264
45706
41743
132570
270052
22926
133232
136308
270013
52519
41634
52551
50158
8870
29014
209397
29544
34547
37018
272102
136332
57367
59625
197304
25415
2842
265630
38584
197394
262664
216155
57101
214271
150452
267421
25429
198831
28773
34851
9678
134146
43242
39007
200950
28432
53005
6428
36945
328073
135423
28153
149360
52724
44208
25780
299
45361
203972
210135
133270
56624
393408
56902
210246
5482
2847
140577
35120
31124
205879
34999
204019
44462
50925
264733
265816
37074
152499
7311
48330
328659
270587
211750
2764
135477
12418
269003
24530
52323
47927
207810
42248
199173
272061
47118
17069
41068
23114
50343
269730
21574
140084
42580
25417
135182
51495
39217
25576
211984
29515
31438
198228
15585
37183
60316
5435
25935
201205
51337
24556
266445
62282
328753
61582
3582
141368
198570
8262
134316
136759
135738
48260
58075
51215
60822
210759
197889
51648
133007
48101
41019
11686
201654
35197
207187
34767
41727
140457
139201
44823
203034
600
12337
215376
39308
49824
7727
48199
9080
267232
47902
197023
262387
132400
205640
61699
8675
31195
137172
32860
38835
10557
149925
264649
44375
28536
10292
209788
38017
263421
133685
36955
37182
23672
134926
20866
400404
20904
60042
25081
5539
203647
12593
207050
19970
42083
30644
14615
56835
207096
200683
59211
19905
48737
206011
8890
132976
203424
37697
37586
12659
141796
48984
205585
135760
58683
209046
50321
264520
203622
30886
60077
61308
48011
135845
141474
27696
64439
207647
6206
47321
8439
38778
265066
267587
137561
37190
239
8829
50973
199723
30923
8453
25190
37678
136780
198066
264552
59584
61603
262720
41202
200613
37642
48940
64022
134614
141324
141329
139993
138871
141628
28590
49893
265561
262468
41820
28166
4850
137135
328977
63150
268317
33616
43452
57835
137076
24532
213021
37515
41339
17911
39153
33796
137539
267809
52253
59684
44803
44043
46805
11796
60784
54115
134972
29240
59970
208235
31435
2588
15798
198187
44832
198100
29608
12796
60804
50324
34108
197502
16371
15456
200148
39507
12859
21207
24971
49628
18070
152672
55695
22411
47987
49863
199508
47493
49460
57829
40993
64043
201602
35725
139689
12346
59340
21360
208670
139238
64300
269398
51300
12527
204383
17306
34781
26388
52698
262567
14178
328282
47132
39039
198721
198418
23028
200435
150315
21032
204165
202605
47748
26832
25206
22164
142271
12150
265451
264463
263077
52207
39785
271773
52657
269921
207054
196897
209835
207028
37088
207645
48479
140206
263339
45232
27759
141778
29894
43395
273172
24626
262878
43197
25481
39069
136284
207203
213465
393559
2572
210099
215691
50482
40945
55653
266673
201308
45293
132960
263075
56450
38934
270718
132933
51121
209494
9287
269733
34065
32748
149240
59461
50028
8792
56851
213282
59668
37497
43330
28283
56293
51669
35985
44118
56623
271618
203936
200064
34577
265704
16290
49715
60323
53153
28891
198820
28599
49063
9934
137263
62064
265383
207333
53824
134734
141215
58262
138064
54614
8771
262643
28135
25921
269854
31577
20895
60840
52829
15836
213493
24441
38625
60117
25306
44620
55701
61039
54538
133271
56503
48438
37334
8529
10101
39962
142527
149573
267659
215311
64294
396338
141536
23859
16229
43364
207714
209754
203828
48918
15844
197029
60529
52092
24637
199536
215891
197883
198172
198440
203964
17147
43579
12651
51390
1820
64249
197615
134300
198277
60426
9619
38562
262769
42868
55862
31492
135248
38753
28618
202657
23316
6614
61109
49601
63510
136368
56373
59193
50099
5594
50257
134371
210579
202596
137109
60920
213331
28854
136004
200918
199296
198279
140171
34549
133443
213941
53245
328997
264731
42770
34306
43708
207592
31144
204659
60893
51792
10164
269382
31848
4913
147027
134874
262588
59713
216129
23422
262996
28158
213174
44306
134331
139567
265313
8218
140174
263793
141673
133315
37309
138910
267612
3253
37276
134884
270277
29319
6663
62205
201748
42510
138169
8375
15318
201127
44769
197620
203210
25353
199736
153038
34590
132568
270544
202208
27385
265973
201719
24482
200220
139136
38771
205715
59815
19863
212377
59279
268710
270391
59508
202391
9452
29414
208350
206460
37371
35617
44247
62040
197720
268131
152586
208348
395839
52564
214326
56202
150828
204684
198757
24232
266454
35728
42765
26904
38661
28423
42362
52673
34052
140607
207103
55652
214120
49765
139900
18109
213261
202282
263675
136994
36958
264023
25543
25579
50331
56376
42209
197485
62099
264738
37451
53022
49056
262777
135003
199782
150447
266643
34602
134863
57737
53072
39372
39441
42043
272099
14807
35624
135822
397391
61588
135300
200107
201337
36972
203848
201986
49605
44927
262761
8692
262851
50115
37184
41371
58507
43022
17727
7539
27866
34305
263563
55154
201285
62164
267241
140031
39396
52814
204151
39024
206094
202856
60810
206130
38915
60609
9099
5524
30766
31313
29485
60695
41297
24904
43942
1935
10991
14709
57566
54004
61110
41833
20705
47826
212335
268787
136429
265475
56465
60635
206286
18187
208060
137425
51101
42783
137047
138362
58079
39761
136555
16082
209240
16504
25964
133114
41015
48896
46158
38949
61468
6407
264285
41368
135699
139029
44524
202761
20559
48464
204943
60522
200703
50349
62363
200114
266841
48659
197697
52318
45884
45622
202246
263582
61323
202103
48574
197645
134942
8323
203628
12496
35445
141642
207033
141934
62423
263292
151629
141275
265800
328169
266039
28383
262573
56816
45045
42991
6597
138756
37550
263944
134714
198876
34241
33737
18222
47297
37575
56656
31642
50572
38142
196983
42318
19005
51035
34511
34503
35043
39593
43967
328555
203059
13122
267801
268696
52973
262500
203937
134497
41114
9371
264112
8455
199657
59702
135774
22869
11815
203851
44668
51191
200131
15974
267845
149078
44628
209012
208626
204300
59371
48874
51010
268611
266436
134341
398712
42298
146988
263478
134419
134963
8014
59134
17726
268613
266207
211689
202862
207144
209934
197956
28676
50563
201411
215120
57888
49588
328203
197275
19889
264444
199449
265485
268055
199731
209578
203568
31556
215910
267513
151718
202993
134177
329261
270014
264414
262620
37721
36988
57712
327820
8680
140105
12445
33943
8364
41006
196861
35187
200844
24951
198380
201577
199541
3480
42845
56441
12481
39455
56515
42487
196843
138134
262493
38733
151648
267721
23756
53043
23033
138943
133798
140975
137300
131717
64037
35503
140401
31287
38172
138528
202908
147171
135848
16247
54339
43885
204274
42893
48500
31106
3190
132220
37682
136929
153283
398060
140631
55828
138096
134886
1128
397605
51947
198525
18318
15516
199570
13536
398378
213094
207097
61794
329192
263791
56582
28613
215381
29560
205718
37094
198498
199565
197113
198401
38669
60973
201877
44895
137084
265949
34655
147277
267464
397966
263250
197025
49826
139604
328037
328214
40545
55383
197058
266539
270340
269188
136065
47242
137651
198709
149280
264485
136714
29263
45015
201661
201466
6639
150371
269822
205318
208857
57396
15886
137549
138191
151757
264512
269359
7403
272006
273093
211559
28530
269471
62327
398823
329415
61248
329211
265798
29340
139752
133200
58813
53134
28539
272851
52603
18712
205806
41841
8607
41234
202016
198878
9150
34267
200698
201250
50009
51825
47176
42669
134053
38917
137449
36088
197078
267900
150142
215686
266049
202441
37524
48031
39407
43786
49320
1754
29148
59647
200602
263686
5087
207676
24645
28241
394972
196742
43068
134677
22080
139057
13303
262999
58945
19624
214693
45017
17939
207044
211632
268255
264932
266345
211736
40237
211508
206205
31399
136400
54936
213441
52125
25531
58172
208959
264856
138192
41967
201994
1756
56707
20161
206610
24881
28252
267551
61490
269855
47883
47269
42000
49785
135310
55353
135268
329255
52721
36943
265620
57794
132757
44443
397361
209242
205928
215623
51622
29046
50338
43103
81
5484
265606
263073
134021
137678
266121
52817
263726
52573
269950
140210
149951
150327
19422
16284
212269
18313
328148
328987
139195
58002
24527
57049
15713
263771
35526
42239
48945
11766
200223
271929
199583
5739
37545
399606
53231
15146
265831
139016
3605
268529
45317
131657
28036
262262
27903
209151
137630
138892
8779
60172
136696
50260
48494
329481
4058
3225
39133
56481
41201
204172
47453
44914
203541
12778
199348
43769
31472
34863
42303
29505
41876
30929
35704
8971
210158
51402
11550
393581
201116
41670
263824
51060
203684
208376
52381
141317
45960
22781
18254
208077
60530
269797
12688
268624
49855
4826
61995
138788
132608
133495
201183
132934
136014
132637
137048
48327
21288
146936
149359
206198
61639
31515
44431
51132
31400
329424
136215
13415
394472
262317
150324
34263
55391
11215
43847
9572
34722
54665
23005
15765
8902
197790
202933
17586
44831
15969
57084
201017
35004
211391
204342
30377
44084
264758
43734
32329
134259
265688
270075
18390
209007
136727
49322
42973
141907
142594
262873
13430
51681
269687
263087
52991
265424
49767
197197
199713
199341
20582
262865
50716
43915
199475
140118
142647
58275
268873
34814
206054
199197
48506
262194
51812
206484
2585
395035
134739
22296
137124
201967
42892
268625
399220
267093
25657
266113
132761
50616
53167
142310
262234
199968
7250
25100
204852
62508
203261
42374
57287
203153
131473
47834
58329
14361
204104
9756
61944
203971
8795
212372
58325
138346
133866
59619
197336
42038
207481
34524
147303
28349
49129
35567
57478
6702
19978
264764
137823
48416
197345
39279
29596
207987
208983
11377
56983
27876
134840
137114
262207
328140
56580
207490
264704
13645
57752
43171
57197
31317
47229
212396
17480
64419
327742
209486
39001
56779
264562
262837
52363
28254
56619
265406
44352
53205
38764
207560
47374
39577
53808
208582
60388
199205
25569
198837
267798
29468
39521
25479
204582
399507
267091
24440
264442
48359
28227
2055
134004
8660
51315
24758
44068
216030
212313
153528
35566
328137
265261
201206
141830
264193
28024
15451
29283
54913
200750
197848
8737
138625
45566
205624
206091
208724
49835
199952
210129
206957
142065
42926
329411
59793
16301
23953
44664
42922
22742
266579
56201
34578
54113
9459
39719
138797
328755
135405
266592
202668
263661
267578
44587
56354
28103
29363
14291
149228
45658
28169
34757
213802
265629
52639
266274
201624
42431
48695
267788
200922
266772
328939
212097
329170
28964
266213
48683
270692
329066
6802
58460
211090
9587
37410
8820
8849
21554
262369
136287
267458
62183
12460
34245
3169
59959
6908
206977
513
199478
206454
31631
60457
52058
8265
196927
42594
212865
50629
39171
12566
208066
13195
210298
33986
25554
61064
60534
62166
262532
42763
138004
37529
151405
146859
59151
131367
264075
266270
263516
398113
215421
8240
138881
61071
48481
55406
206478
44615
203469
34612
39288
198977
203462
39201
38496
134307
266948
25091
204281
58655
201754
16143
135031
37738
139841
262809
43478
132754
52106
13760
133694
141271
42807
269411
18230
264906
136530
264825
265689
198482
52477
272836
42291
23624
197830
200076
211510
39904
48417
206894
204177
13237
273315
208764
204932
60880
10131
15790
13319
26130
136374
34285
3454
42493
49102
41959
264732
140444
42268
328633
134290
211668
265432
267507
44382
138197
48181
135765
28635
263260
397412
271263
203161
134564
268054
53112
199201
12905
38210
42065
60458
18101
202819
138731
262535
38684
209001
26818
140072
57300
197295
197298
48956
57993
198227
137385
205424
38095
62386
28026
34619
15817
28994
28368
264551
41631
39811
57456
134090
9286
31856
53184
53597
140446
721
29933
137059
135660
44027
263561
136393
37150
9115
44788
327907
271984
269597
139204
140469
136676
142295
47421
149184
42530
134276
49392
52273
266380
11802
30688
48592
34337
2686
13289
196622
5379
29513
41090
206287
139952
20792
24634
45344
47329
60447
399743
202204
47223
61116
41124
48882
132996
138287
47172
328480
47379
197838
263224
42611
198785
12727
62352
52923
44209
35339
329435
197653
51394
35463
208687
21271
52110
56747
49335
7575
50705
44081
7511
267914
263062
53094
269684
52433
21491
34724
9321
52964
59444
59281
263223
203613
10226
3399
22324
266160
210488
29974
270029
267685
48129
207973
5523
201826
39402
28658
196652
57216
39271
3314
196883
16942
197879
13591
34917
59878
207886
29838
43995
266346
50849
39135
203536
56668
263333
264403
53054
12630
206912
268738
64026
48279
48195
206888
17408
270313
39442
214961
141295
262351
201211
49332
265018
21310
60690
37305
52570
266566
30671
199081
135542
48159
267874
12148
63213
56642
265676
153723
199096
51880
207503
140481
136434
206283
140900
55899
136142
38819
138123
210171
394177
25880
47943
328178
202136
15108
211448
50022
209789
59491
42351
197414
273245
265594
56229
8245
203712
8362
60989
198950
62259
37349
17970
59463
62201
44284
27680
328810
200612
31723
43627
52008
202700
262834
46026
24663
29072
262385
204947
15461
42095
262159
44134
62284
271900
212555
215915
38712
270533
52279
152516
270455
56485
49897
263612
262689
150016
269777
266433
62048
397031
17551
267429
41543
43873
62915
3205
57552
268185
39737
270548
24875
269918
265989
327804
22313
198424
34164
34265
32787
64079
35154
53164
50284
271596
263345
198008
139898
51020
47608
12923
49956
12597
39605
210139
141130
265370
136280
44768
33868
203328
44185
198072
58323
196822
198040
20643
59908
34946
51918
42004
34169
34955
8103
51944
41969
197667
37303
204731
3238
203724
56030
135734
12984
146908
263435
137996
204213
141765
63410
201691
264659
22191
6879
198381
37203
135223
46049
53222
268337
214155
29255
149994
206661
47755
198024
211291
211025
134702
51655
24523
38021
50564
204567
136134
41356
135582
141209
48176
8319
50698
44651
134022
198043
139935
198604
12357
8224
3748
138718
60475
37662
198214
8416
149688
59642
62757
41811
134201
263980
265315
56653
151750
35592
269788
56173
43700
40029
199855
52758
49558
15675
202766
199181
58752
42968
34489
205199
206784
42794
205836
25373
557
262979
8896
57325
401307
196640
202074
37540
136450
269662
136286
328896
52148
37688
263717
215362
271562
3226
52871
150861
28224
202975
206442
205679
206314
204581
131686
150070
136531
268314
263097
206251
28847
6717
28512
265440
30782
31420
150812
39545
50544
48320
211557
204102
58347
21328
58485
64410
50163
60099
44318
262460
271528
266401
52795
50427
16285
47782
329390
52800
139967
8646
33845
328344
205111
6700
265524
267121
215342
53135
206961
269665
7600
39611
266668
266515
41007
150170
327829
328271
266130
211258
262520
207369
263411
19331
263099
49878
141077
327700
34191
24792
41454
31511
214392
212131
141071
48794
15474
132454
138926
17771
14265
55446
204834
132787
56543
214577
20928
39155
55734
207459
141303
212778
37233
137503
21545
206737
262813
23473
200740
27988
197112
200222
201997
267442
34636
212330
16960
58906
264715
44400
213478
47
267427
49387
272535
268172
398478
39637
57307
207147
204279
271808
42061
198335
200962
50864
56684
42742
52268
52369
20299
60191
206495
18429
29844
132566
35140
14282
39822
28352
272816
57214
25499
135761
10076
209061
58923
200539
45942
270065
61231
209947
263114
52307
40306
58725
7354
37102
329129
208730
215365
132923
56506
268940
61482
24837
49362
196819
60032
2594
60619
49957
262600
9104
197177
267517
270987
11902
53086
202499
140362
15372
266553
208337
266524
211991
3342
50911
263408
43427
329263
153227
200738
17716
213572
59763
327932
37563
205814
396998
134812
59502
135076
197393
215114
28139
265725
35278
209591
327987
205638
270672
52419
133695
52335
43260
211709
55943
21286
208226
149707
263702
53959
197279
268321
268502
142629
269712
268219
4817
328207
58834
39045
52911
266630
263594
262456
209137
43120
267280
201351
9614
51310
206645
42917
269714
201637
8903
131584
203986
401263
211204
270715
29443
48547
9028
136347
35067
28534
208485
49760
50840
215929
37549
17897
41877
25174
42261
33548
52981
37449
47111
24866
141676
147283
42503
11650
10958
8685
202651
25311
265705
201328
45731
266806
266914
64134
147178
269571
46650
199820
9313
52441
209863
37356
56430
34883
52866
267214
41624
23729
36982
37032
4983
264127
262365
4382
12782
52593
21788
20283
268213
43670
47262
43297
44020
197556
13316
48411
138156
41160
50004
141361
267601
264959
146904
139972
213402
24514
12589
64200
15824
268884
9781
28130
60563
268444
200814
33132
20205
64126
23955
37594
263915
263124
42837
50668
266272
62178
62024
51155
50399
47850
62179
62463
5532
208667
8819
976
34261
8419
15664
16236
201004
48790
196728
31621
56628
34663
203365
47833
58138
206960
32554
24589
210423
37172
197425
56344
35847
200553
57124
43104
198023
213407
202177
206579
211410
18283
211450
138987
203263
139808
7063
270330
136598
28398
10733
262231
48287
48738
203821
11580
204499
59611
133817
49234
151408
206559
209906
204782
55674
12931
147078
202913
198577
149964
214459
151653
201113
142375
132599
137342
56056
42251
43849
140077
57141
135225
38526
56224
56234
147221
19957
329227
201704
201962
35665
204408
147279
206049
43925
203140
203835
57121
28686
134841
16003
141452
270450
149287
328538
271965
30982
25914
214922
198389
61684
34841
48602
401075
198507
56360
158
206004
201109
206948
208900
139508
5501
198682
62642
205582
199265
33901
205132
207728
56828
9957
56887
212559
41782
16316
47160
55039
31727
198579
269648
132250
216356
262420
136371
33582
138738
135632
272872
41280
212607
203248
328364
47330
216395
262908
210256
267124
52777
48233
267531
51042
34974
262617
262700
26860
51968
24154
264880
201625
211873
208805
11706
204504
28667
197991
270282
43060
31029
201952
12737
393249
15373
28370
197843
58504
137498
52471
52908
36998
61163
14726
37343
28309
151396
42425
268097
61868
47656
43495
199075
329174
262973
37125
37413
327756
15899
28610
398395
149451
36374
153277
39477
52327
262989
7794
132767
212905
328183
328770
270279
15320
272113
132547
135715
328182
264202
268683
61621
28038
64315
11340
270579
6471
135746
267494
3784
141868
52901
329198
48675
271671
21228
204064
56812
328249
51018
329437
207825
138534
216024
262792
265890
263332
273203
205889
28615
53190
329426
37189
266756
24516
749
6846
12380
328817
134308
59545
200384
57803
206182
328411
51935
200604
213011
201434
206978
57547
61068
202100
56410
7315
16623
12926
205051
9159
52079
135722
47258
47181
48433
11992
142345
23024
5692
395662
268146
18218
30456
63647
210017
205689
52682
57236
13223
43905
46065
140115
201701
30881
48780
46171
141346
149456
136141
131275
269435
57070
138842
267404
142285
9432
263800
265749
270035
38761
149214
53073
263544
200838
28545
152557
9022
62093
141893
201548
198432
58350
44213
57263
203765
42013
61121
28769
57076
152317
12438
60029
58397
329222
58096
48225
197547
60845
60641
3598
137378
140164
132080
211452
141480
47521
41121
139547
3313
197816
141674
7809
37649
10879
202675
139368
31960
34515
199758
267713
47283
28977
28594
264340
28775
263790
45786
12844
206828
12462
52078
18530
204158
36445
136210
135846
41363
44473
12618
8530
61000
56433
3573
50407
61242
265960
262403
265483
47359
20846
9177
41403
131459
201150
267305
35236
42490
202895
199485
197833
270641
147259
202664
12772
56899
18371
269997
267890
6106
213102
1224
42498
21450
198282
52257
206141
15965
30402
211580
37090
28954
140815
269924
136634
271672
38109
32590
63311
264973
35320
42998
43764
266166
131215
265096
45062
57746
38766
35591
270690
201559
262316
142054
18260
25520
17895
13614
20988
47376
202269
134750
48437
205957
41911
38333
28745
137690
59573
28009
268200
267846
47117
205368
61579
262589
264621
49113
262473
265491
4616
48133
59692
52420
269073
12502
57294
15702
57558
34858
328475
15395
199061
269750
272906
28249
200481
328605
263652
198731
272134
43370
9706
147185
45575
137952
58474
44270
45499
49994
141026
10798
268408
137163
57808
41691
35177
36968
267963
61761
43550
265239
269831
60782
266044
273067
55507
270096
52930
203836
206432
35359
31685
200434
269501
31037
30801
213145
51420
198068
24354
205129
8847
266136
150593
266106
42259
216063
262332
45724
57990
44416
263506
58650
272432
134116
45705
16906
41956
215859
142424
146872
135876
63991
64018
269794
132386
40702
38680
263868
20818
208405
263919
262661
141137
52654
55814
132964
265225
27781
47562
264110
269946
43258
201848
41467
56690
266385
271416
4150
263499
198020
196854
203808
132415
328068
44149
28188
44837
269120
266769
17054
27754
262318
28124
138179
58688
36864
202175
200931
137674
263464
134254
18206
140133
56369
271884
269237
14586
24324
50226
60213
42539
34391
39591
43073
216451
50777
58044
9108
1109
15687
198225
15894
35055
49289
200565
210793
5631
198317
198859
42832
203550
206523
34790
15695
199819
41303
199910
51896
61792
57723
201925
398432
206451
36384
47254
40317
199527
11714
210
200773
53181
136088
42020
58800
31080
56231
22690
51088
267315
202958
328191
207125
327765
49368
20255
401335
214138
133989
32505
264191
263256
271982
61754
53913
264685
16354
266677
136744
48585
44885
1110
139008
142555
45302
13226
17841
138782
197046
142394
139415
56237
131724
44212
45313
60273
134970
29312
138596
139041
37521
140612
22599
17573
135687
39087
197405
150001
16353
49816
12444
206418
204444
142393
132323
42295
62275
142307
35132
288
34146
152435
329049
50685
38742
3790
3851
42437
139833
30967
199324
197412
265525
34086
271270
140113
49597
135818
263508
8818
264420
52142
59365
55832
137316
264913
132688
25249
28523
329403
25233
141834
61934
18092
24437
16527
45061
9411
60219
133466
35115
208139
35225
395570
25441
41076
203484
57657
48339
206785
43803
7616
197694
60968
38513
41729
13298
207181
5518
198230
34462
42687
138163
203847
13693
273155
57288
59108
138627
38571
35493
30698
12129
27734
39386
201295
51431
13627
139839
265379
262288
12208
205784
200359
269174
266467
41575
64199
270515
50498
264367
146961
264297
53209
267544
28160
58327
47868
266358
262543
212449
210238
135449
262323
44014
51636
136262
52601
52637
399331
268671
61233
13748
208093
139762
52864
43752
136902
45294
262975
37616
34400
263347
137579
207294
136164
262765
47884
34554
136266
49848
15868
44032
56548
42136
53130
264009
35564
10002
135700
141804
269995
208223
14979
52579
15344
19689
140485
56568
11835
152538
27976
22354
271957
52995
52566
207251
140189
214762
265903
131463
59595
210421
34139
51048
61680
139080
133674
136197
31972
270044
37218
60707
265686
50245
400662
28093
267514
264568
51725
48650
20257
42676
60627
271819
20783
42828
57643
269243
139846
135283
49357
264778
38031
206854
266759
137122
36165
153166
265661
9557
147246
265937
147145
208515
42683
266302
56385
200943
207167
15401
152296
133551
2280
30915
12519
199994
52124
22792
45810
206591
26863
200475
52465
266517
29420
57519
269363
201847
8234
208142
329248
136009
135524
132974
209755
328961
148975
7670
133697
13685
133317
60277
212384
329373
133623
264214
136908
52876
42474
41272
46941
60895
205074
216444
198263
51373
199931
42858
205485
206455
268238
202654
61923
60362
270873
266338
273139
23678
265759
394710
209442
56823
268068
135517
61900
271145
262202
61614
266855
150896
21483
269878
208314
16210
58289
197628
210619
268675
262713
206889
50448
200001
197082
49653
207029
201502
8883
200370
24877
58284
152933
39222
207744
262734
210513
201249
266062
51267
206366
56889
41302
142414
264702
133878
135801
141731
270512
399282
328341
266092
263400
199483
3580
63501
43530
212325
63878
151633
203891
8681
16110
136633
21364
134264
132957
42488
41327
59877
6789
199585
212417
395399
135259
150748
210154
273113
2854
264890
264344
271677
31126
135690
270079
37350
54434
215645
262355
47913
49491
40138
138771
56677
208397
197844
264473
35000
199128
49847
208082
57395
44945
198400
50153
135298
271316
209839
28145
47605
204098
41313
30971
205136
197086
43663
34555
30325
62462
47633
262517
44712
262248
271206
198128
273133
52838
50131
269417
210068
42186
134562
270026
214640
135356
46997
56572
34622
263152
8431
43811
208906
39444
5421
48294
3450
267388
42667
271131
51819
214382
269906
58963
50590
267162
61824
49776
266384
216165
214243
262282
265822
149501
38818
152475
51738
200081
267811
200125
25059
207204
7276
202805
10279
39246
61663
62241
3254
3331
203924
39519
9066
41034
51964
64024
18624
28748
8273
147176
271812
62579
138115
61031
267101
52128
263826
17514
42093
135921
41325
13026
134175
328835
45289
151636
327760
9848
61828
263809
38244
269862
135409
263302
265465
131769
213291
142439
60612
52711
265792
199995
9
262662
48078
214973
268819
270598
34113
151354
142044
61745
271939
9923
48676
26801
264984
53508
134932
151700
268605
133169
215904
39397
28250
274674
205428
197572
207198
29296
329183
52015
37604
269107
197649
209816
21454
34073
50628
207232
43391
45295
48712
199775
135036
270543
61778
203447
46160
57889
139870
51197
51929
263774
53120
46042
136876
34372
198036
43896
21724
263035
267058
15428
206123
52183
208152
43361
210244
203593
270572
19186
270824
59703
204351
5374
61854
270963
48309
15759
57261
15129
62390
138828
136815
266499
141856
32708
263539
43568
35614
264152
50966
267823
204779
28481
273007
27925
43012
56349
135724
206298
60202
141156
205645
56754
63182
213241
200755
263579
42755
61232
268557
45209
204289
56489
270095
48747
53142
273090
43991
271486
206385
44078
268305
266187
197350
327726
39383
4663
49749
21020
2047
266698
142319
140429
139300
56544
134929
52242
328075
269499
132137
269087
263436
266624
263627
262296
270816
61353
269333
140865
132436
272730
36881
328590
37308
52988
268383
204144
57128
44742
271008
264774
60721
269605
21981
152711
136217
34502
9486
24020
41993
203136
265697
266568
266761
60860
328762
262453
270561
269485
213852
1724
138546
13004
267613
211612
60280
214893
263779
208407
58629
60540
12713
263237
17993
8932
34428
45629
9249
64150
64116
273165
43268
55329
328700
38040
39380
273149
43541
212216
52531
138575
151422
266032
19323
394998
19229
45891
210635
197198
15670
35448
215432
215355
210874
51449
210482
6595
41652
20694
29481
44302
50302
212251
60671
25003
41056
50083
202188
42593
23498
43065
35223
35184
47898
327802
31152
197262
150552
268845
267335
142520
139997
271094
134601
141529
265396
262794
197229
198760
203053
53019
269067
198351
262818
132978
11191
271108
151870
268869
48475
263763
56475
50014
34857
138929
135212
60279
147250
132874
135654
199335
138014
149526
61301
45410
199584
51055
1237
327814
134293
200573
35110
41644
51547
198999
135866
210016
135371
149848
198718
136373
203865
43633
17885
138492
50712
134180
15889
213111
205395
212536
200979
149878
267857
197741
329027
1967
205384
203201
198830
211196
206048
203600
134236
29721
39021
56791
140037
60717
15541
26894
43733
204522
203760
141105
327688
396052
264268
272814
263979
8678
202293
13959
50833
49683
262379
56962
200599
15432
39727
203230
12298
201598
37229
211800
197036
210321
196887
208920
201893
202829
44814
210472
201985
62156
198576
327791
150640
208968
24785
199578
206228
43809
55
6453
197083
41107
396163
206837
44452
263762
42086
17079
262903
64458
13022
199634
268069
149722
265411
328320
205652
141339
55453
62633
208221
43966
136861
266309
47588
263096
215597
267629
263959
53152
265369
42266
131
49787
210159
199936
150942
262591
56869
265201
264010
59165
268576
136342
149249
28292
59355
202011
206758
61592
204886
138109
41284
208466
263110
58273
53196
25299
266492
9943
137432
263877
149825
150699
16698
147302
138146
138112
10546
40749
15389
49151
262624
57753
42916
213024
43648
15638
58230
149720
35239
263009
53488
25386
17478
29068
49589
5438
210841
267456
269195
26068
152566
327792
151467
25591
52872
4762
136510
263294
262709
150669
136089
135567
269128
56254
149788
206487
200752
12406
30729
48638
152363
29013
263258
328460
327817
27979
138255
141607
153191
266022
55856
37489
264780
266710
327809
52565
138079
266704
136297
45355
131465
29684
39328
271988
50671
39028
267413
263130
273143
9142
397068
53178
2857
210079
15305
52373
49849
60646
49028
211295
38008
41887
20633
206175
203172
47237
12315
51757
206347
141648
25291
199996
208732
35815
9166
213121
60772
57356
39909
31229
18840
62568
38247
34683
136563
399844
141463
142315
139849
28361
268983
268207
47119
33695
134765
60567
265268
264688
44682
5547
57333
268935
20836
206133
137329
200818
203183
60986
59163
44845
58819
45340
45276
213683
133954
32780
198213
12247
137492
57705
56838
204161
204817
62248
50596
135130
64072
30198
263783
23655
270049
50050
197917
262509
199390
38009
37612
39431
199513
45178
270780
149658
204622
35306
51333
141412
265050
263629
272097
9367
141709
52308
135733
271010
270484
135719
262293
29680
328482
139560
213640
62943
28136
199833
42574
268538
207012
59990
197716
8887
3339
209551
62731
61275
202137
33838
199298
52861
42844
38919
207876
31234
270625
25211
270950
400317
266768
269514
265914
269874
212762
269870
37004
12543
328025
25577
265634
213945
265719
262756
263210
37123
263891
263297
47954
136323
135851
37208
20924
47402
16148
149449
44237
139026
204809
205075
45648
17670
142448
207541
56264
137151
58256
204249
12311
264241
55424
197558
273878
198144
149513
199413
44176
149765
25899
202236
200889
8987
265638
265663
272112
263106
264280
266878
266871
49924
142445
52544
134990
271751
264439
21191
140638
39612
53828
57825
22381
209836
201682
212609
38888
206265
32907
24398
199512
42811
16477
215856
48864
35283
1776
39052
53766
44858
262740
34697
59664
135859
12826
212208
53357
48117
266757
262688
262150
38060
137551
2026
51581
49419
328218
48634
51469
202220
199980
5555
13056
49652
38133
33091
59521
53240
201406
36180
199362
34351
20521
197015
8331
39121
263159
264486
43309
44050
151197
269933
263266
53088
37230
136479
149544
138505
131160
202131
20900
204575
60421
42567
39716
52932
25011
202874
41777
206539
50333
62011
25541
6776
2707
28142
198248
262511
47252
30404
52812
268999
53085
41813
43066
327950
53236
214041
47806
132148
17534
33970
201089
138462
62006
269882
28317
398710
34559
16065
141865
28022
270506
149248
20912
265979
265804
328975
19800
146900
272057
198404
142453
271835
208666
201091
51484
133606
204222
57188
207668
48372
49112
57099
21101
47292
47727
3245
140045
8925
61765
202189
138298
35911
37526
39074
29031
151863
328176
37173
216014
58940
267980
264275
33984
393552
45113
52912
141411
25459
38765
265909
207373
54702
39948
41012
43625
265924
59766
52976
12703
14346
60976
265344
267378
3175
149617
56233
17439
33724
151600
267929
134880
262729
270786
267705
267790
150820
202656
55309
272038
27530
39377
61817
264642
269713
138220
263626
28293
13118
198616
50161
263038
206476
43328
58048
28191
265157
264974
263290
141340
270792
213960
264933
44405
264398
263098
31512
262880
328349
197522
30998
327706
267454
137599
270968
136244
273525
329341
56340
265931
36999
61893
262229
147212
263371
37266
50633
44030
20436
394475
265627
51079
50463
29637
54182
29866
52084
271874
47881
211597
28225
149584
263434
266728
268235
37436
56673
41535
265263
15691
198330
44933
15466
5511
207233
47735
199752
50309
205127
270465
266191
1886
265799
22709
204419
215733
60350
16266
133854
267201
142286
37513
23546
20714
41560
204004
63888
18051
263496
199021
264320
31275
61678
47436
205411
146902
132021
59415
7524
44700
270158
60884
268047
24138
34358
149187
271152
59686
204870
33921
13243
33105
270943
4768
52680
270751
132653
8920
28925
197399
54643
25367
271904
141312
15566
199846
210625
210705
13431
18816
31449
28279
49561
142299
137370
202767
33541
212975
136552
151698
50749
209974
269735
152473
146956
135019
135882
61403
47440
51034
61662
21782
399065
400194
62759
43132
268803
399049
197831
266169
33097
28164
142386
266821
266148
328733
27425
52993
264637
197846
196969
201843
45345
47272
199517
42779
206052
59477
198975
199290
61408
198133
31349
46760
327991
199493
134918
136646
329504
52372
53018
213029
267426
3361
46549
268599
49293
41084
264927
35588
2828
204297
50362
5627
51235
8966
201241
215222
141994
9971
149019
142421
134216
133605
265222
34447
272066
140008
215284
198735
269145
35041
262344
26076
268790
266114
51264
25129
264921
28184
142619
265547
264246
271042
152122
34872
48323
264625
264470
262757
206519
18393
13855
270458
265198
263701
204929
268648
200719
203003
29852
263737
44673
45353
270891
269096
13904
136214
200695
134297
264203
36411
57496
263558
57949
51341
271202
397332
61844
211011
13781
211744
137654
55684
214816
3221
9246
41601
271646
47737
135175
209550
62015
40973
201948
206401
205798
199981
47406
202551
15770
2843
44466
15879
59807
206518
203361
215824
9384
203404
198399
196890
197690
28905
149296
44085
16263
197592
210805
206343
49106
33976
45267
39194
41023
44515
60187
43064
328993
38921
14325
138281
198158
48626
7828
196776
15100
205112
206369
42914
200311
38022
210595
398963
28178
138245
211282
9757
50061
139718
134505
134899
262784
17806
28223
263645
138167
328473
266640
263650
27357
152073
33835
35516
267085
21051
64095
20081
8618
264397
329325
327708
201172
135217
57966
133933
9955
11666
134869
197472
33918
47253
46059
137213
134943
136328
135594
12779
29196
131306
151176
138025
138688
132655
3330
133692
42515
201102
136636
138600
142407
141921
136054
138810
209055
38165
197520
209921
39808
135155
149907
29399
202971
131781
149649
42848
29231
137884
150242
135852
197655
137101
142595
47896
5503
198388
263541
137379
208569
140269
17380
197274
141552
137515
198284
48541
205813
4046
395555
13476
1448
44180
12180
198928
201533
98
138050
136632
51054
61818
50517
138551
133988
271543
269595
211735
11955
35680
22820
49041
42526
28418
151157
23465
42343
40393
200665
59620
212163
53057
16171
38868
24251
25598
42176
44879
51590
197589
50648
207464
199696
58220
4665
200274
27539
210367
267336
207222
206660
206429
20565
50023
23905
50554
207995
47389
44442
26651
34704
196815
399394
215320
13160
25189
63567
26
42885
1742
198257
30405
271415
207355
46392
197444
205042
7106
400511
57531
49709
19009
266722
135191
103
212796
141385
273205
149909
268945
328570
198292
201105
148993
133104
211703
133968
328399